Numero de Vertices: 60
Numero de Arestas: 1770
Vertice 0: 15 34 3 26 54 58 44 12 40 39 30 8 50 37 35 31 25 13 41 5 10 46 36 18 11
Vertice 1: 32 27 42 20 48 45 7 4 41 3 13 54 56 19 52 57 37 8 36 35 55 51 39 58 0 15 33 6 50 29 9 14 47 43 40
Vertice 2: 58 59 4 51 0 27 3 13 33 52 14 23 1 42 32 39 43 45 48 16 26 46 54 49 56 40 12 37 6
Vertice 3: 17 22 29 12 6 35 54 30 28 5 45 38 50 11 19 42 34 21 57 59 49 27 24 13 8 33 32 1 55 36
Vertice 4: 14 2 8 9 35 27 22 49 1 57 20 6 47 30 23 48 21 39 55 25 44 37
Vertice 5: 11 55 43 19 12 27 3 31 21 36 25 23 0 50 24 41 33 22 34 20 58 6 56 35 51 2 57 29 40 18
Vertice 6: 57 17 24 54 41 29 8 12 27 43 10 14 3 34 26 0 11 23 56 2 30 9 32 47 44 40 46 37 52
Vertice 7: 59 22 16 9 43 47 1 30 10 20 34 26 5 3 52 21 44 32 37 12 42 55 24 0 17 58 25 39 57 19 35 38
Vertice 8: 20 23 27 17 7 0 38 40 19 13 37 51 32 35 4 25 44 5 9 11 50 2 45 29
Vertice 9: 45 15 51 4 24 11 28 50 34 21 38 55 29 41 56 44 36 23 20 32 47 10
Vertice 10: 59 19 37 24 22 17 48 30 44 46 12 29 35 57 13 2 55 41 28 15 3 0 40 6 1
Vertice 11: 47 31 37 0 55 32 59 56 48 52 6 14 43 42 33 29 5 27 23 15 34 16 38 40 13 35 58 54
Vertice 12: 34 39 25 23 27 28 48 6 57 54 49 20 18 9 0 43 30 22 31 46 10 15 7 58 35 3 4 33 55 56 24 14 5 53 47 2
Vertice 13: 46 37 20 27 19 10 28 55 18 0 59 29 43 50 15 32 52 3 33 41 9 22 26 7 53 49 11 12 16 23 57
Vertice 14: 6 16 5 8 36 40 50 56 35 13 52 1 17 33 30 32 54 20 55 44 31 23 41 15 29 43 27 25 39
Vertice 15: 42 45 18 44 56 57 49 2 36 39 29 28 55 8 32 47 21 53 59 34 16 0 11 3 54 48 40 4 5
Vertice 16: 14 15 39 1 26 20 22 35 54 38 5 32 57 0 28 52 56 33 48 3 40 36 42 9 51 10 13 2 11 25 4 59 30 12
Vertice 17: 25 58 36 30 51 37 59 23 12 32 19 46 9 39 20 22 43 52 0 38 14 33 6 42 29 7 50 16 1 11
Vertice 18: 29 45 52 25 58 30 51 16 1 26 38 15 43 50 9 2 28 20 42 6 24 41 22 55 0
Vertice 19: 28 33 50 32 40 24 49 46 41 7 59 30 17 25 45 57 42 54 47 58 2 13 52 23 6 26 35 20 38 3
Vertice 20: 39 52 31 17 16 25 7 13 42 24 51 26 57 47 0 55 34 8 14 43 1 10 12 54 35 3 5 44 6 53 33 11 56 2 40
Vertice 21: 8 44 33 16 42 18 14 30 25 1 37 22 0 23 13 41 26 20 55 27 54 36 39 45 29 57 24 9 40
Vertice 22: 20 27 56 40 52 21 25 48 34 45 1 35 31 57 14 7 4 17 32 53 23 50 28 43 37 51
Vertice 23: 54 39 57 49 36 7 9 26 59 53 28 8 46 1 38 44 0 40 10 25 52
Vertice 24: 16 47 49 3 59 28 54 29 48 19 36 39 52 22 35 17 31 11 4 20 42 0 6 43 32 25 40
Vertice 25: 22 39 52 43 19 20 35 16 47 3 11 26 51 49 23 24 17 29 42 48 6 38 46 37 4 7 21 58 50 1
Vertice 26: 6 19 53 0 13 56 29 47 48 33 42 38 52 18 2 11 16 8 3 43 37 49 54 30 12 24 27 39 45 55 31
Vertice 27: 40 52 0 45 7 32 10 33 28 36 31 16 6 25 34 2 39 3 54 5 43 35 18 11 56 57 9 20 12 17 15 13 48
Vertice 28: 11 24 14 27 2 44 13 59 30 23 20 45 38 43 56 53 1 51 15 10 19 58 6 18 34 7
Vertice 29: 35 12 7 55 58 42 14 34 22 52 56 10 13 43 17 30 25 38 23 6 28 36 32 44 20 48 21 5 3 8 31 11 40
Vertice 30: 21 54 58 12 39 49 19 44 29 34 25 5 42 3 43 33 53 56 59 2 17 0 37 6 41 50 36 26 40 27 1
Vertice 31: 7 33 44 40 15 37 25 45 34 35 20 14 26 43 59 50 13 51 49 48 0 18 21 22 10 12 8 57
Vertice 32: 59 42 37 21 51 55 1 11 41 24 34 36 28 3 8 25 26 16 30 18 58 0 23 5 35 45 2 4 13 44 10 39 12 7 40 6
Vertice 33: 50 51 49 47 14 30 8 59 56 3 9 34 6 0 17 58 54 37 55 16 29 42 19 21 22 1 46 27 53 31 23
Vertice 34: 40 27 31 49 17 4 0 8 2 39 28 29 32 11 42 10 26 48 16 21 57 25 18 55 36 50 14 58 47 24 9 15
Vertice 35: 20 49 15 18 26 51 1 24 47 45 36 38 50 14 6 33 5 59 13 23 9 37 40 46 2 17 12 52
Vertice 36: 54 26 31 51 11 10 6 43 19 23 0 57 40 1 24 7 32 16 3 2 28 22 14 48 46
Vertice 37: 6 5 7 31 18 27 17 12 36 23 54 32 9 48 43 56 53 35 33 50 24 13 41 16
Vertice 38: 15 1 53 36 43 3 6 18 37 50 2 16 46 14 11 20 25 39 47 13
Vertice 39: 30 27 22 16 14 25 58 5 13 44 45 7 49 21 50 0 23 41 57 2 4 35 20 12 24 38 56 17 15
Vertice 40: 41 10 9 59 39 2 57 13 48 11 34 33 22 56 24 26 42 3 18 28 20 30 23 25 29 53 51 43 15 19 16 31
Vertice 41: 28 31 46 27 49 35 20 1 55 12 34 25 44 51 56 15 26 58 7 57 10 39 45 54 0 9 48 5 24 14 59 42 8 19 23 33 40
Vertice 42: 47 9 41 50 2 33 22 32 10 34 54 19 25 15 16 38 6 44 57 46 26 3 36 35 52 51 59 37 29 31 40 0 55 12 28 17 21 11
Vertice 43: 2 51 38 3 34 20 10 12 16 52 6 57 11 31 58 17 18 7 44 24 35 19 22 25 21 26 1 41 8 54 36 4 28 46
Vertice 44: 57 13 2 15 21 3 25 36 40 10 43 51 50 28 34 26 0 39 27 14 48 4 46 33 38 1
Vertice 45: 51 23 10 58 32 59 47 22 6 30 8 16 37 53 0 7 55 9 21 12 28 29 24 36 40 4 49
Vertice 46: 42 48 32 0 31 23 19 38 33 41 57 40 18 5 22 29 1 30 21 44 13 59 15 2 53 10 47 9 49
Vertice 47: 19 53 58 13 50 11 8 57 44 55 41 16 28 17 6 1 59 7 35 43 54 48 9 31 21 29 49 27 40
Vertice 48: 15 16 32 29 7 2 18 47 52 31 39 25 55 46 23 37 1 53 33 41 28 22 34 49 6 57 56 45 42 40 50 10 21 3 17
Vertice 49: 44 43 50 11 2 18 42 56 59 15 40 31 48 35 12 1 28 0 46 6 27 13 9 8 38 4 10 57 3 33 5 21 52 19
Vertice 50: 46 56 48 12 55 15 47 43 19 9 57 2 52 3 1 34 33 18 7 51 4 6 27 42 20 21 32 54 44 49 23 5
Vertice 51: 28 33 54 29 34 24 37 22 14 48 19 39 30 2 38 0 17 43 16 53 36 11 27 31 40 21 56 52
Vertice 52: 35 30 9 7 22 27 2 46 36 15 32 3 43 6 58 49 24 53 25 48 44 14 5 10 23 1 33 45 28 4 42 55 40
Vertice 53: 20 24 3 23 43 26 52 22 8 55 2 6 48 50 18 47 29 14 28 31 10 9 42 32 11
Vertice 54: 13 5 41 0 15 14 44 31 58 52 34 36 39 50 55 18 2 45 16 21 56 24 32 1 57 46 20 35 43 7 10 11 38 22 30 25 53
Vertice 55: 19 26 51 44 53 46 1 27 43 59 12 7 16 29 10 45 23 39 57 58 8 17 31
Vertice 56: 12 6 26 46 18 20 25 24 0 33 8 43 2 32 22 31 36 40 10 13 38 15 59 49 19 47 57 21 7 9 42 4 1 11 51
Vertice 57: 9 45 51 33 14 54 36 58 39 22 59 31 24 3 13 38 27 40 4 56 21 23 35 18 46 7 47 1
Vertice 58: 26 8 17 27 18 30 52 21 23 40 28 45 5 43 14 59 3 44 46 15 48 31 47 51 1
Vertice 59: 39 19 24 26 45 33 20 23 14 56 57 40 0 48 46 10 15 17 1 54 2 16 12 6 13 21 31 18 49 44 55 47 37
