Numero de Vertices: 60
Numero de Arestas: 1770
Vertice 0: 25 37 20 34 13 15 40 5 11 38 2 27 44 28 8 43 16 23 41 4 3 48 31 1 46 9
Vertice 1: 49 32 19 10 57 35 12 45 25 39 30 40 16 3 58 4 37 31 41 5 0 34 53 46 9 2
Vertice 2: 24 22 14 17 56 20 50 11 1 55 5 26 6 8 48 54 43 32 12 35 15 51 31 42 19 10 45 53 46 0
Vertice 3: 26 43 41 33 40 38 42 50 6 25 8 14 13 28 16 47 5 53 15 18 51 7 37 48 1 45 58 56 24 12 10 23 36
Vertice 4: 16 9 41 38 57 35 11 46 51 42 2 29 19 25 47 49 30 52 45 39 24 1 20 23 34 3 32 22 44 56 58 21
Vertice 5: 12 22 2 45 30 38 55 46 32 18 33 27 17 23 59 51 40 36 58 29 4 21 53 35 47 20 0 50 31 54 28
Vertice 6: 53 44 12 24 45 10 32 18 37 4 0 30 7 16 15 50 58 31 54 27 19 5 1 42 51 28 25 14 36 57 47 40 21
Vertice 7: 52 14 24 48 53 25 19 9 31 2 50 44 49 40 54 30 22 20 58 36 13 32 0 59 1 55 29 45 12 18 39 47
Vertice 8: 46 57 25 27 1 15 32 44 18 47 12 6 51 29 14 53 28 26 45 22 9 42 31 38 37 5 4 2 55 13 36
Vertice 9: 44 52 11 58 21 18 7 3 6 56 8 47 59 16 40 54 28 4 20 36 25 17 48 43 39 50 2 5 24 10 12 14
Vertice 10: 46 6 15 30 37 49 44 1 8 50 56 5 34 59 17 22 11 41 51 14 25 31 52 7 0 12 13 20 35 47 33 39 24 9
Vertice 11: 23 56 51 8 36 9 57 26 25 5 12 50 54 27 34 29 28 37 44 2 1 10 32 55 22 43 16 30 39
Vertice 12: 31 18 14 34 15 53 58 48 30 8 11 44 59 38 39 26 24 47 28 45 20 4 33 23 57 29 32 46
Vertice 13: 14 46 50 15 11 37 29 12 52 57 43 21 41 27 36 42 25 48 39 24 47 8 19 54 22 59 9 44 38 45 53 51 1
Vertice 14: 21 41 39 3 37 55 58 54 29 8 15 25 56 13 18 9 4 34 36 0 48 49 50 16 59 24 28 6 32 51 52 42
Vertice 15: 13 31 19 6 20 35 34 49 56 16 47 59 32 44 37 36 53 5 11 3 30 48 18 27 23 50 41 33 57 1 7 58 52 12 8 26 51
Vertice 16: 36 54 30 29 45 37 13 26 48 51 21 42 55 24 35 59 28 27 2 31 1 10 40 50 25 44 17 6 18 43 9 33 56 39
Vertice 17: 37 22 8 6 48 35 19 20 13 29 51 36 31 2 28 44 30 33 3 55 12 7 4 16 14 15 59 27 1
Vertice 18: 31 28 23 52 14 33 58 49 19 44 30 26 1 46 38 27 35 15 20 43 11 47 9 12 25 3 51 50 29
Vertice 19: 2 30 43 27 4 20 32 37 15 38 17 31 35 0 58 59 9 21 54 50 3 5 28 14
Vertice 20: 3 24 1 52 33 5 12 6 39 41 32 11 46 45 23 9 36 28 38 29 25 31 43 53 42 34 8 21 7 55 51
Vertice 21: 50 49 10 3 15 46 43 36 28 39 9 42 51 54 7 5 52 27 53 22 57 41 11 16 17 2 25 40 29 24 6 34 38 23
Vertice 22: 45 15 7 38 1 21 36 16 53 44 57 29 23 51 5 35 56 52 12 46 48 17 19 54 4 31 0 25 3 13 28 20
Vertice 23: 12 52 20 51 36 43 44 26 47 2 58 49 22 7 40 18 42 41 34 25 31 15 10 46 29 39 57 13 3
Vertice 24: 27 15 33 5 26 30 1 53 29 46 19 25 37 17 45 6 51 21 47 58 7 13 32 12 31 50 34 54
Vertice 25: 23 48 35 3 0 14 56 21 44 28 6 58 45 57 4 41 43 49 42 12 38 24 7 37 54 19 39 8 11 31 51 46 26 30 34 52 47
Vertice 26: 51 0 56 9 33 5 41 15 39 21 7 25 34 16 50 54 3 2 23 48 55 20 10 28 49 52 31 32 18
Vertice 27: 39 47 21 32 17 53 33 31 57 43 8 15 6 52 37 26 5 24 25 12 49 23 45 19 29 2
Vertice 28: 32 3 19 54 4 55 40 22 43 0 57 6 18 59 47 2 11 53 49 30 9 24 38 26 25 56 14 27 23 58
Vertice 29: 45 0 55 2 48 49 52 5 35 4 13 18 42 57 38 12 15 40 36 11 31 43 21 25 32 30 3 6 7
Vertice 30: 29 8 56 38 4 21 2 37 52 0 59 12 58 22 26 28 40 14 41 47 10 13 11 1 44 15 20 36
Vertice 31: 29 42 51 25 22 59 34 46 55 17 6 24 43 12 37 4 52 38 1 39 19 11 33 49 3 15 45
Vertice 32: 35 33 21 0 6 52 40 25 49 39 29 53 58 44 57 41 20 36 13 55 56 1 8 23 50 30 7 38 26 24 34
Vertice 33: 29 42 0 30 6 58 40 57 10 34 8 44 25 39 12 13 36 51 4 55 56 46 26 22 38 52 50 47 15 48 24
Vertice 34: 49 5 45 2 57 24 32 48 16 28 12 38 39 22 7 51 58 17 37 21 4 56
Vertice 35: 30 31 17 36 40 20 10 0 42 27 39 16 41 11 46 9 58 51 43 44 7 14 49 59 52 23 47 28 32
Vertice 36: 22 10 59 9 42 52 47 40 19 39 16 23 24 4 50 28 41 11 54 49 27 20 53 6 15 21 30 58 37
Vertice 37: 54 58 5 17 38 47 51 39 6 9 10 12 1 36 29 18 46 31 20 56 40 27 14 26 28 32 19 33 45
Vertice 38: 10 16 29 46 50 15 28 33 51 21 6 11 37 7 19 31 57 42 41 0 30 26 27 54 44 52
Vertice 39: 18 34 30 5 20 21 0 16 23 50 35 55 11 26 31 52 46 6 49 25 54 22 41 29 15 2 47 4 38
Vertice 40: 0 37 53 33 41 22 35 58 13 48 19 52 16 34 28 47 4 15 31 26 17 56 42 59 30 44 51 21 11 49 6 50 18 39 36
Vertice 41: 7 26 3 17 35 29 38 53 39 12 24 56 5 23 22 45 43 50 55 54 2 59 0 52 42 27 6 33 34 9 44 40 58
Vertice 42: 41 55 31 3 20 2 28 37 32 38 36 23 33 52 22 54 0 35 57 12 44 17 13 45 7
Vertice 43: 27 3 31 57 32 46 41 51 23 40 56 1 24 5 14 4 26 22 49 17 30 13 54 47 33 37 44 0 18
Vertice 44: 15 45 41 28 3 27 42 49 22 20 54 24 21 40 13 18 48 32 50 17 52 5
Vertice 45: 28 41 31 32 52 36 38 18 33 15 59 49 1 5 58 46 43 54 42 35 8 30 47 20 23 17 37 2 16 13 53
Vertice 46: 31 49 40 18 4 34 3 13 5 2 14 25 42 11 43 33 50 58 39 45 51 23 56 48 21 52
Vertice 47: 49 10 3 14 51 57 8 24 6 28 53 43 42 44 13 12 16 52 22 36 32 41 37 40 50 29 7 48 25 34 17
Vertice 48: 55 18 40 43 9 23 41 11 29 16 35 32 25 53 28 4 22 59 17 33 0 3 20 10 56 19
Vertice 49: 0 36 53 22 3 25 20 32 44 21 6 51 5 12 47 59 23 46 35 43 9 56 26 42 37 17 4 13 41 45 27 33 40 14 28
Vertice 50: 36 26 5 54 41 51 13 20 6 58 18 35 33 38 45 49 31 48 8 3 21 44 59 27 47 14 15 32 40 7
Vertice 51: 56 25 3 5 18 12 50 10 39 32 14 53 45 55 19 43 34 1 42 36 26 44 54 48 11 17 21 13 59 49 6 0 4
Vertice 52: 30 2 55 34 16 7 40 14 11 3 17 18 47 24 13 57 0 31 10 15 56 58
Vertice 53: 40 27 36 18 8 44 29 41 49 22 25 0 47 10 35 45 9 33 39 31 34 50 12 15 4 6 23 1 19
Vertice 54: 47 27 53 17 23 18 59 56 7 32 50 46 29 10 41 24 37 30 39 34 49 57 58
Vertice 55: 54 56 22 40 51 17 28 35 45 25 48 36 15 30 52 11 46 38 2 1 12 0 19 6 16 21 7 58 4
Vertice 56: 46 39 58 38 11 19 15 0 22 27 36 42 45 23 48 20 17 29 51 31 33 55 49 52 24
Vertice 57: 51 4 32 56 43 6 55 38 46 10 59 3 16 18 28 13 14 27 39 2 23 12 9 52 19 37 7 35 36 17 58 8 21 44
Vertice 58: 31 7 29 57 45 44 23 22 41 17 27 36 14 21 35 42 55 19 54 39 40 4 20 16 38 49 51 5
Vertice 59: 4 16 48 33 22 58 44 49 40 29 27 37 55 13 18 25 53 11 57 31 35 32 50
