Numero de Vertices: 60
Numero de Arestas: 1770
Vertice 0: 22 30 52 28 38 43 19 10 20 12 26 54 59 27 48 7 49 3 4 13 25 17 5 33 39 23 16 14
Vertice 1: 57 2 49 33 13 52 25 47 18 40 51 12 54 26 30 3 46 14 39 41 42 28 31 17 27 35 19 8 29 34 24
Vertice 2: 44 36 21 35 59 39 26 30 22 28 33 14 18 40 52 47 54 29 0 10 46 27 32 34 8 9 19
Vertice 3: 37 20 28 48 30 17 51 32 31 13 10 59 52 36 18 23 43 15 38 6 25 57 7 21 45 22 16 5 35 27 46
Vertice 4: 5 38 14 43 1 27 3 16 12 57 9 52 13 31 55 22 20 24 33 44 49 51 32 19 34 8 37 56 48 7 54 58 2 30 28
Vertice 5: 56 13 49 22 0 28 42 53 14 7 55 46 43 50 39 41 1 34 45 11 4 26 3 38 24 33 29 6 17
Vertice 6: 49 12 9 8 48 7 40 2 38 32 56 51 31 43 24 10 30 3 35 27 1 25 37 23 33 41 5 42 53 18
Vertice 7: 10 42 55 15 14 25 41 20 40 48 43 53 39 3 9 1 37 5 27 18 13 16 54 2 58 36 30
Vertice 8: 6 32 44 0 55 31 11 12 48 37 40 36 20 10 5 35 7 2 15 3 16 47 39 50 57 58 52 13 43
Vertice 9: 25 26 19 39 52 18 56 0 2 36 10 45 41 20 12 27 4 37 33 16 5 43 7 15 21 57 51 50 59 31 11
Vertice 10: 58 29 17 50 26 0 25 3 12 46 7 18 39 53 49 44 5 15 9 56 30 41 11 22 38 28 54 42 19 21 43
Vertice 11: 43 34 40 31 38 26 13 21 49 15 35 23 14 4 57 51 58 37 41 8 24 0 44 25 10 22 2 32 42 46 27 56 47 20 29 59
Vertice 12: 11 50 21 54 34 55 35 31 53 23 40 4 32 38 15 14 48 8 0 58 13 39 10 41 5 24 6 56 51 26 16 36 43
Vertice 13: 56 29 52 11 2 38 5 31 55 30 37 12 54 41 57 51 26 42 27 3 53 28 25 46 18 1 39 14 33 48
Vertice 14: 34 46 37 8 35 57 26 42 43 22 23 18 31 11 44 17 16 3 47 53 48 58 21 32 36 10
Vertice 15: 21 49 9 19 53 20 11 38 35 10 39 29 43 31 5 24 54 30 36 55 56 8 32 25 0 23 26
Vertice 16: 27 33 46 39 0 15 48 51 56 26 54 22 14 23 41 13 38 57 52 24 37 25 32 29 10 50 36 30 35 9 55 6
Vertice 17: 57 20 26 43 52 51 47 1 53 33 44 0 11 5 42 10 40 23 7 48 18 4 38 35
Vertice 18: 48 53 20 34 43 17 9 56 27 25 31 15 16 49 5 45 47 1 4 33 2 41 44 23 50 13 39 55 3 51
Vertice 19: 17 5 45 35 40 52 12 32 7 26 39 27 31 55 38 25 18 48 22 43 59 0 56 42 24 28 30 37 51 53 15 20 16 49 21
Vertice 20: 19 3 27 15 55 43 38 32 31 42 35 57 13 52 23 29 41 40 5 26 18 28 53 6 9 16
Vertice 21: 49 10 39 35 42 29 19 59 4 23 17 56 55 40 20 41 51 31 3 22 43 52 47 27 36 8 5
Vertice 22: 30 18 21 1 8 13 16 43 26 9 0 17 10 3 49 51 24 11 36 5 7 44 12 58 56 2 33 19 55 53
Vertice 23: 35 25 33 16 18 20 28 24 49 43 45 53 12 41 42 57 9 44 31 21 4 6 26 36 8 37
Vertice 24: 17 1 31 42 4 21 39 0 52 5 9 53 18 7 46 12 30 35 15 19 40 37 36 34 10 28 23 38 32 50 13 16
Vertice 25: 53 29 31 50 6 17 42 32 0 5 34 46 8 36 7 27 54 52 47 51 39 10 45 11 41 37 15 59 21
Vertice 26: 8 1 43 18 48 31 6 50 40 44 5 29 30 59 35 12 3 54 13 27 45 19 14 36 16 7 47 55 17 0 32
Vertice 27: 17 45 14 46 42 2 36 12 24 26 23 52 53 55 35 30 9 11 31 16 22 43 54 40 32 51 3 33 44 49 50 59
Vertice 28: 45 15 30 50 5 20 49 46 56 24 23 41 52 48 54 33 42 0 39 21 16 14 47 29 37 10 19 34 51 40 9 32 31 7
Vertice 29: 42 36 44 35 52 57 30 27 38 46 48 37 32 24 40 13 58 51 11 41 50 25 45 10 9 43 7 21
Vertice 30: 52 8 16 49 0 37 32 40 18 21 12 34 6 17 38 3 36 5 57 44 48 33 42 41 54 13 4 51 53
Vertice 31: 27 38 21 28 20 16 34 29 35 58 19 5 7 14 57 51 37 23 52 36 6 30 9 59 55 40
Vertice 32: 4 52 13 53 24 58 42 40 25 37 17 10 45 35 50 8 18 34 46 54 41 22 15 44 47
Vertice 33: 51 27 54 45 30 28 29 2 18 3 59 26 35 22 46 12 49 55 16 42 6 58 25 56 11
Vertice 34: 57 2 58 20 17 42 14 37 24 53 25 48 28 31 47 11 55 52 6 26 33 44 35 18 38 32 43 51 27 59 41
Vertice 35: 41 56 39 29 59 54 27 0 44 37 14 28 43 33 32 22 20 34 13 30 53 3 23 5 1 52 16 42 38 10 40 45 55 49 15 50
Vertice 36: 28 15 29 35 10 7 25 52 57 59 12 21 3 19 38 50 5 58 32 48 43 33 22 26 44 46 56 20 18 41 1 45
Vertice 37: 25 26 47 31 53 46 21 18 33 52 36 42 19 39 59 32 38 55 20 8 48 40 56 28 23 11 3 45 0 43 6 54 51
Vertice 38: 57 6 13 23 4 29 8 5 45 7 41 59 25 20 1 16 55 36 40 50 51 47 26 32 35 42 56 37 14
Vertice 39: 10 23 41 58 5 6 9 12 48 27 4 33 45 38 31 55 32 43 51 24 15 19 29 14 2 1 52 16 0
Vertice 40: 23 9 24 49 41 52 15 54 6 17 44 19 7 56 0 35 34 4 33 32 27 46 16 11 42 30 38 31 45 36
Vertice 41: 32 18 39 10 35 43 2 20 25 16 9 6 30 23 15 1 13 47 40 59 8 38 22 54 17 57 56
Vertice 42: 46 39 59 6 50 7 16 57 29 2 55 37 52 44 34 12 56 5 43 21 13 41 48 22 8 53 14 33
Vertice 43: 25 49 20 12 53 15 3 10 50 45 32 22 5 13 34 48 59 55 47 44 24 56 57 0 26 42 1 37 40 36
Vertice 44: 15 3 37 16 24 58 28 7 12 52 50 18 19 59 55 40 0 31 42 9 34 57 21 4 22 5
Vertice 45: 38 4 7 22 41 42 52 29 31 16 43 20 26 5 55 39 57 14 17 1 8 36 15 19 21 37 3 44 28 9 56 48 51 53 50
Vertice 46: 18 15 41 29 28 56 20 42 37 6 11 51 26 34 32 27 22 47 53 19 33 21 36 43 55
Vertice 47: 26 10 28 14 24 6 42 2 49 40 25 58 1 56 37 21 57 45 11 36 13 34 15 23 51
Vertice 48: 21 27 10 28 44 4 12 26 9 7 34 11 38 42 20 3 59 53 16 25 50 23 6 55 58 8
Vertice 49: 17 52 34 2 58 3 22 37 0 51 36 24 1 50 13 9 7 19 21 25 59 5 10 30 46 53 8 35 57 54 38 16 39 55 14 48
Vertice 50: 35 29 31 2 34 13 27 28 3 14 7 6 44 55 37 41 45 0 46 40 52 15 48 30 39
Vertice 51: 48 16 14 39 56 58 32 23 10 43 49 7 59 50 31 55 36 52 18 38 9 47 42 3 11 5 2 35 0 22
Vertice 52: 29 24 53 55 45 48 46 2 28 32 47 14 51 33 21 6 5 9 56 59 57 40 50 13 23 58 8 7 43
Vertice 53: 57 11 19 10 36 26 39 16 59 12 6 38 51 56 24 28 52 1 3 29 45 49 22 48 25 41 43 47
Vertice 54: 36 49 32 11 24 22 5 19 8 34 14 9 33 25 48 38 20 40 1 6 45 44 15
Vertice 55: 18 5 23 7 22 9 49 29 11 27 10 58 53 24 26 41 52 13 36 21 35 1 34 28 48 47 2 42 50 12 4 0 25 8 32
Vertice 56: 19 33 34 30 35 13 32 25 58 23 37 24 57 38 31 50 43 9 54 46 16 20 7 39 41 59 55
Vertice 57: 36 54 18 16 27 12 43 46 56 53 24 41 50 58 15 32 35 17 0 5 2 10 59 42 47 39 37 44
Vertice 58: 19 54 10 29 9 27 41 55 24 33 38 11 40 35 42 8 13 6 59 23 43 56 3 15 16 32 39 44 50 21 36 37 46 53 20 45
Vertice 59: 12 1 18 36 51 34 31 42 54 53 32 2 29 37 56 41 55 57 45 8 19 40 26 21 39 28 4 30 46
