Numero de Vertices: 60
Numero de Arestas: 1770
Vertice 0: 39 17 15 37 45 55 20 35 28 34 31 21 16 10 4 53 22 26 3 5 33 24 52 51 38 43 48 42 57 58 14 59 50 27 9
Vertice 1: 12 31 30 47 51 58 42 44 45 4 7 43 9 46 11 50 10 41 27 57 36 54 23 17 59 35 49 19 53
Vertice 2: 13 42 15 7 20 38 54 41 6 47 10 0 26 35 53 9 32 16 12 24 51 14 48 45 25 23 18 21 5 1 57 49 50
Vertice 3: 37 46 35 54 12 33 25 18 44 9 39 22 11 58 27 7 59 40 42 55 43 26 31 45 50
Vertice 4: 23 17 31 41 6 19 54 53 47 29 52 7 21 0 59 11 37 9 24 56 14 55 46 16 15 32 27 42 28 49 26
Vertice 5: 31 55 44 1 7 28 39 19 20 0 2 18 53 56 33 16 58 32 6 3 36 35 45 12 46 8 38 59 51 29 24
Vertice 6: 23 30 2 13 56 39 20 43 14 42 5 27 48 44 51 54 32 45 52 1 12 35 26 24 40 0
Vertice 7: 29 44 2 43 51 9 3 54 45 33 55 34 36 19 57 35 5 4 15 48 50 41 25 32 22 49 58 14 56 11
Vertice 8: 56 33 50 37 48 34 14 16 7 12 46 57 55 28 5 38 15 31 18 22 26 59 27 45 36 47 20 3 30 6
Vertice 9: 51 10 7 59 20 3 45 38 27 57 30 31 35 33 17 46 11 43 29 18 6 1 15 22 50 13 8 47
Vertice 10: 40 30 33 37 50 3 17 4 47 6 58 16 5 49 19 13 51 29 22 25 54 2 43 11 7 38 45 46 44 41 21
Vertice 11: 44 8 20 25 43 21 41 24 32 2 58 17 15 33 28 14 4 0 37 40 5 39 59 56 49 45 6 3 46
Vertice 12: 36 53 1 2 55 28 42 39 17 35 37 15 13 46 3 5 6 56 34 43 45 31 49 44 59 41 29 10 23 50 0
Vertice 13: 58 27 34 48 55 18 40 30 24 19 52 41 8 43 31 3 35 14 49 20 47 7 1 44 29 38 11 56
Vertice 14: 28 19 29 11 36 50 57 9 15 22 12 54 41 13 5 39 7 34 56 40 58 23 24 51 46 6 48 52 53 8 0 17 42 35
Vertice 15: 0 23 27 43 8 49 13 24 25 21 57 46 22 16 26 7 44 12 40 28 52 14 19
Vertice 16: 1 37 34 5 3 15 12 17 59 10 32 44 8 27 14 13 57 46 35 43 21 41 58 29 28 45 0 23 40 20
Vertice 17: 10 24 51 13 3 8 39 2 18 11 7 23 44 33 30 28 40 35 46 41 57 6 20 59 49 36 50
Vertice 18: 1 37 58 56 27 36 6 10 42 30 16 4 33 35 57 48 45 40 51 7 52 49 29 53 31 43 0 41 50 34 47 11 13 46
Vertice 19: 27 45 34 7 5 39 24 37 15 28 48 41 49 29 58 35 54 33 30 10 22 51 47 13 55
Vertice 20: 51 39 27 11 26 35 8 43 34 2 58 36 50 48 52 21 14 19 49 38 17 29 54 1 18 24 22
Vertice 21: 59 48 7 49 1 11 29 18 41 13 0 19 30 27 55 17 51 23 44 32 58 46 40 12 34 45 4 14 42 28 6 47 33 2
Vertice 22: 25 15 28 27 46 14 54 58 44 45 53 17 31 5 11 35 12 42 19 52 51 16 6 40 3 23
Vertice 23: 1 44 55 2 40 32 28 5 38 31 14 29 42 35 0 10 37 48 9 57 3 4 20 22 53 8 59 33 56 52 18 34
Vertice 24: 28 37 22 23 29 2 42 50 53 31 20 52 32 43 54 17 30 45 36 51 27 8 44 56 12 10 0 58 41 19 49 14
Vertice 25: 33 27 46 7 34 20 21 37 54 45 11 59 52 30 42 50 2 57 10 26 41 48 22 12 3 1
Vertice 26: 11 15 53 7 8 22 57 9 19 23 16 36 32 48 12 54 42 31 59 35 43 44
Vertice 27: 18 9 50 22 57 7 30 36 56 11 43 33 10 1 24 20 52 6 31 41 45 26 55 49 51 39 23 3 38
Vertice 28: 43 53 33 29 11 4 6 49 10 14 52 18 37 7 8 50 5 34 45 21 48 23 36 55 26 19 25
Vertice 29: 31 17 0 49 21 36 34 15 2 41 11 30 6 38 40 9 42 3 45 22
Vertice 30: 47 5 10 52 55 23 2 12 50 34 27 37 46 22 53 8 31 38 20 58 42 48 25 36 3 35 9 7 59 17 39 54
Vertice 31: 9 11 59 52 24 36 6 40 41 7 38 46 33 23 29 39 53 3 55 10 21 32 27 37 22 2 58 8
Vertice 32: 23 21 27 55 53 57 15 50 20 36 46 30 41 56 22 1 35 11 43 24 52 9 14 29 34 40 3 17 5 45 16
Vertice 33: 45 8 52 44 26 59 54 32 43 29 25 10 14 23 39 47 22 15 3 2 49 36 38 30 56 55 57 46 19
Vertice 34: 9 24 15 31 57 27 48 46 5 16 18 30 1 13 2 55 59 56 49 29 10 4 44 43 0 51 53 52 23 47 28 50
Vertice 35: 57 20 56 4 25 44 38 31 32 19 42 3 39 37 40 49 11 41 14 0 10 17 47 22 16 12 9
Vertice 36: 9 40 59 8 7 38 30 1 15 39 6 51 5 43 11 41 33 48 24 37 20 57 27 17 52 0 31 2 26
Vertice 37: 48 50 16 11 25 13 57 12 46 31 58 53 40 30 5 18 2 44 23 33 45 39 47 35 6 49
Vertice 38: 11 30 22 19 28 26 0 8 15 43 32 34 39 6 55 47 33 12 53 25 14 52 31 10 3 13 23 20 46
Vertice 39: 47 48 51 6 46 20 4 32 9 19 38 15 31 21 16 7 59 37 0 11 33 24 29 2 34 58 3 26 22 28
Vertice 40: 50 43 9 41 45 26 37 8 17 49 46 5 25 56 36 22 35 24 55 42 4 11 48 27 58 29 16 32 33 23 34 53
Vertice 41: 30 58 22 3 39 38 13 42 34 26 36 19 23 12 29 5 11 8 4 10 25 57 44 7 18 55 1 49 59 32
Vertice 42: 35 15 20 54 46 49 29 19 22 26 24 58 10 18 51 41 38 37 21 56 25 57 27 47 59
Vertice 43: 6 4 55 59 38 1 15 40 5 53 30 12 42 49 3 36 11 47 45 28 17 19 29 50 0 31 39 52 9 32 44 27 18 8 24 2 23 16 33 37
Vertice 44: 25 15 51 49 31 38 40 45 37 18 33 34 7 52 23 0 28 20 1 10 41 48 56 6 58 2 46 29 53
Vertice 45: 56 13 38 35 25 55 32 54 51 59 18 14 27 1 20 48 24 57 40 53 52 8 34 41 7 17 49 36 30
Vertice 46: 6 14 33 9 23 50 30 25 21 7 4 38 53 22 55 35 51 47 20 48 18 5 36 8 12 17 54 40 11 58 44
Vertice 47: 56 17 55 24 4 48 59 9 42 29 43 23 33 8 7 22 11 50 32 44 57 31 19 54 12 21 13 45 20 30 27
Vertice 48: 10 22 13 11 59 29 51 3 43 18 4 9 7 25 46 32 28 57 31 26 30 52 8 56 33 58
Vertice 49: 17 6 27 1 58 3 48 35 8 43 44 34 47 22 9 30 13 26 21 18 25 33 57 50 20 31 59 10 12 46 39 45 11 41 19 29
Vertice 50: 25 12 6 43 31 23 51 56 54 11 59 44 40 30 39 52 35 26 41 36 22 16 14 19 46 3 37 21 13 42 7 57 29 1 38 24 32 18 49 10
Vertice 51: 58 46 34 54 13 10 20 12 36 48 4 35 23 22 42 57 1 27 7 31 44 11 3 59 37 30 52 50 32
Vertice 52: 53 26 20 18 58 35 49 43 45 37 7 38 8 5 6 29 33 25 2 4 12 47 59 50 9 40 23
Vertice 53: 13 41 3 11 38 59 24 46 6 58 45 2 20 34 37 8 1 15 18 32 30 12 49 39 52 28 21 57 43
Vertice 54: 40 26 57 50 30 36 56 14 2 32 19 21 55 53 47 5 8 28 18 4 41 35 17 27 24 6 31 1
Vertice 55: 7 18 36 41 25 5 22 23 24 21 58 9 2 1 4 27 26 13 14 8 33 40 47 51 48 35 29 17 37 45 11 15 19 44 50 31 3 10 56 52
Vertice 56: 18 49 47 30 52 51 39 14 23 7 59 20 4 57 33 3 35 29 16 5 34 22 21 44 45 32 31 11 37 6
Vertice 57: 25 41 23 14 20 9 16 21 50 12 45 51 58 28 40 34 6 47 36 15 42 55 37 39 38 33 59 44 11 35 4 3 24 18 19 17
Vertice 58: 47 18 43 40 16 38 31 19 5 7 55 45 51 50 34 10 26 59 32 21
Vertice 59: 56 42 3 9 49 13 41 27 6 26 24 21 5 52 58 57 36 38 12 22 54 20 17 7
