Numero de Vertices: 63
Numero de Arestas: 1953
Vertice 0: 24 50 60 41 25 17 54 49 36 35 57 47 43 13 48 42 22 21 40 56 33 3 58 14 31 37 4 12 61 59 39 5 9 19 34 28 18 44 46
Vertice 1: 27 47 16 11 55 0 26 56 3 7 15 32 4 49 8 13 36 61 10 53 51 21 48 25 17 18 19 30 6 45 43 44
Vertice 2: 24 55 7 58 43 28 59 23 33 39 45 36 34 8 16 12 60 37 44 20 47 35
Vertice 3: 49 22 41 48 34 25 36 52 1 19 46 59 56 33 17 61 26 37 15 0 28 11 24 21 51 23 39 54 5 6 4 35 16 42 47 44
Vertice 4: 50 45 20 26 29 44 24 62 3 30 9 57 7 35 17 38 54 46 11 36 37 12 56 21 58 10 27 15 53 33 22 40 1
Vertice 5: 62 38 30 36 27 37 46 43 2 56 24 58 25 39 57 59 42 15 8 14 29 26 34 54 22 49 48 19 16 3 12 45 18 0 32
Vertice 6: 15 26 3 19 57 5 61 22 16 4 44 14 46 42 60 32 47 11 50 43 23 31 33 36 54 24 45 55 21 35 34 27 20 49
Vertice 7: 36 49 1 6 0 3 43 56 50 23 33 13 10 27 61 5 38 47 48 32 19 41 21 37 57 55 60 53
Vertice 8: 33 50 2 58 57 28 55 29 40 6 18 10 36 45 52 46 62 27 17 14 34 7 23 13 3 49 54 26 44 21 16 19 11 47
Vertice 9: 25 6 38 7 58 29 13 37 34 42 44 45 59 33 16 41 31 32 43 15 11 39 10 47 56 54 60 0 12 49
Vertice 10: 5 12 51 44 36 21 20 8 33 38 14 49 42 9 62 45 6 0 58 19 26 50 4 39 27 37 31 47 34 24 30 1 11 54
Vertice 11: 9 22 47 48 60 29 43 2 20 10 50 5 6 58 56 23 35 19 49 37 44 39 33 3 62 24 57 36 7 8 12 54 4 53
Vertice 12: 6 16 11 13 9 21 61 62 23 45 43 31 53 4 37 33 2 34 29 57 56 58 49 3 36 52 35 51 1
Vertice 13: 48 6 40 46 3 34 35 8 18 4 14 25 62 11 2 41 49 59 43 31 24 50 15 39 22 26 7 54 47 32 23 10
Vertice 14: 9 30 59 16 4 19 21 22 24 41 12 58 52 18 10 23 6 35 28 32 48 33 8 2 56 42 29 0 62 3 60 61
Vertice 15: 42 35 53 21 16 52 50 14 5 36 7 49 30 34 19 47 33 45 11 39 24 31 3 37 25 18 54 23 26 22 12 6 61
Vertice 16: 17 8 54 61 32 29 20 50 48 62 2 31 27 44 13 19 40 18 39 42 45
Vertice 17: 51 31 22 11 9 8 21 42 35 32 36 33 37 25 41 54 39 6 28 56 12 61 38 44 62 29 53 48 52 47 45 34 43
Vertice 18: 27 28 21 24 31 20 61 54 43 17 56 25 9 30 42 55 15 40 36 8 44 3 46 13 5 32 45 58 19 47 1 50 59
Vertice 19: 39 48 25 57 40 31 4 34 3 27 50 22 32 20 47 49 42 44 52 58 56 2 12 26 1 45 5 8 6 30 15
Vertice 20: 62 31 12 58 42 15 36 6 54 19 35 46 4 44 52 33 47 8 23 38 53 13 39 50 10 32
Vertice 21: 62 32 45 50 20 8 57 15 34 42 39 28 60 53 3 38 43 56 22 26 7 13 46 27 33 49
Vertice 22: 42 7 51 48 21 47 3 29 34 9 6 46 0 31 5 20 25 4 8 59 37 2 23 11 28 55 49 18 58 56 38 45
Vertice 23: 40 39 10 50 54 57 21 61 26 47 5 8 41 29 38 44 45 46 62 3 35 58 12 33 19 16 11 59 31 60 9 48 2
Vertice 24: 58 22 29 57 49 37 10 38 17 30 46 40 8 1 54 47 48 18 9 45 27 51 11 5 14 7 25 35 15
Vertice 25: 13 35 7 38 27 53 10 43 51 37 9 41 32 20 16 31 58 44 6 61 40 29 22 57 56 0 45 60 12 2 28
Vertice 26: 36 6 18 2 9 5 19 33 55 25 7 38 53 17 41 1 15 11 22 58 30 54 42 12 46 39 56 3 27 10 8 44 21 32 0 48 31
Vertice 27: 35 25 26 1 43 2 38 17 29 51 10 46 28 23 41 33 11 13 30 3 48 50 60 56 47 55 42 21 15 0 37 58
Vertice 28: 22 39 31 8 16 23 53 40 36 2 30 59 14 10 0 46 57 33 26 27 42 43 60 17 44 54 48
Vertice 29: 38 46 48 4 26 62 14 60 47 27 21 56 36 9 6 34 61 44 23 13 43 22 1 50 35 5 18 32 16 53 51 28
Vertice 30: 51 14 2 7 37 52 18 62 3 32 6 22 17 9 19 4 35 43 54 29 34 11 38 10 27 16 61 26 53 1 55 50
Vertice 31: 16 33 17 44 55 34 59 58 54 4 6 38 28 8 5 36 52 49 35 53 14 48 37 15 11 9 43 22 21 45
Vertice 32: 61 8 35 26 38 16 7 25 42 20 3 44 31 52 53 62 45 12 29 0 17 23 57 19 30
Vertice 33: 0 15 29 60 59 11 12 31 23 5 30 44 16 42 39 8 24 52 50 35 27 57 43 22 6 58 4 1 14 9 49 51 3 41 55
Vertice 34: 11 35 39 37 7 19 42 54 30 8 49 13 25 51 3 52 59 57 40 43 61 47 9 38 24 22 20 2 15 5
Vertice 35: 27 5 8 36 21 6 50 57 25 11 9 48 3 12 40 58 44 37 28 47 55 16 39 1 24 41 34
Vertice 36: 21 6 62 24 60 55 37 15 19 2 30 23 28 51 44 4 43 10 13 1 17 54 3 9 58 33 52 40
Vertice 37: 46 31 36 3 25 17 6 38 39 45 5 8 20 42 23 18 1 55 35 43 50 12 62 47
Vertice 38: 32 3 17 33 54 5 57 8 48 51 19 34 61 49 25 1 18 59 11 39 21 50 27 60 36 29 13 62 53 12 56 31 16 26 22 6 58
Vertice 39: 18 2 59 27 47 1 37 26 17 41 50 36 61 31 25 32 22 7 46 28 54 51 56 34 45 55 3 20 49 40 48 38 13 21 53
Vertice 40: 9 11 45 43 42 38 29 60 36 55 56 47 49 28 23 61 6 1 51 5 4 44 25 33 18 21 20
Vertice 41: 3 31 30 38 20 7 40 54 32 1 33 8 5 25 11 51 48 45 19 27 21 57 35 26 59 28 0 36
Vertice 42: 5 9 54 44 51 30 3 41 36 46 4 39 34 31 17 23 12 15 29 35 47 57 49 48 50 40 8 18 37 58 32 19
Vertice 43: 13 1 38 2 60 41 33 45 34 42 23 14 31 35 50 49 5 62 48 16 36 37 51 52 47 18 53
Vertice 44: 32 2 58 9 37 0 22 13 27 61 15 11 47 50 42 16 60 30 57 53 39 14 40 29 1 33 34 52 36 56 55 23 45 8 38 35
Vertice 45: 4 17 34 42 48 29 21 19 16 54 37 5 58 52 56 33 20 25 2 24 30 14 55 50 47 62 1 59 43
Vertice 46: 17 60 28 14 10 29 30 51 55 35 56 9 50 5 2 39 3 53 54 27 21 18 52 41 0 19 26 61 62 32 37 36
Vertice 47: 9 25 33 62 13 23 27 28 35 53 38 21 61 24 41 59 31 52 58 5 44 6 29 11 12 3 57 48 42
Vertice 48: 49 16 47 54 10 25 58 8 41 34 19 3 55 43 32 31 50 61 12 29 57 26 42 23 52 30 15 53 60 9 35 18 38
Vertice 49: 59 36 8 30 33 34 39 38 14 61 47 56 22 4 21 41 9 10 53 35 13 16 2 43 52 28 44 1 6 50 27 11 46 12 29 60
Vertice 50: 43 37 36 13 5 26 14 54 6 48 46 18 10 12 0 52 22 35 49 57 53 20 55 32 34 7 9 61 33 59 45 24 17 29 31 28
Vertice 51: 23 12 31 58 45 41 33 8 28 49 22 42 2 24 1 34 57 13 36 7 61 47 14 18 21
Vertice 52: 28 41 59 47 48 45 24 25 15 23 44 62 40 43 30 55 36 60 54 7 4 46 31 9 10 51 39 26
Vertice 53: 6 35 19 10 2 32 0 43 26 37 48 52 14 62 21 1 11 51 39 42 49 4 27 30 7
Vertice 54: 30 13 35 18 9 41 51 0 48 20 56 39 61 58 7 43 22 3 31 19 6 49 10 17 29 14
Vertice 55: 43 0 5 28 56 46 21 25 47 20 36 8 62 38 6 61 40 39 31 48 30 50 34 3 4 24 59 13 11 33
Vertice 56: 29 43 31 53 58 14 54 45 25 7 35 12 20 34 33 44 16 38 51 61 55 1 9 60 59 21 23 36 18 10 57 28 3
Vertice 57: 8 48 20 33 23 1 40 49 13 55 34 6 26 39 58 5 62 4 43 7 51 11 18 25 45 28 3 60 16 24 50
Vertice 58: 9 14 46 13 23 54 12 29 47 0 26 25 50 6 32 61 41 15 44 33 57 20 8 21 27 16 52 19 35 10 55 5 49 1 60 11 28
Vertice 59: 3 2 13 12 60 58 56 39 33 51 36 55 31 17 19 40 4 29 44 54 22 27 34 7 9 14 45 11 47 49 6 16 24 52
Vertice 60: 41 0 7 22 20 25 61 40 34 3 24 59 46 50 4 6 38 53 23 13 10 2 21 31 51 58 44 57 1
Vertice 61: 8 44 22 2 12 23 40 43 36 9 38 48 26 27 15 29 34 53 11 24 47 46 52 54 31 21 3 20 49 30
Vertice 62: 6 23 21 33 59 45 14 52 8 16 60 26 37 27 5 46 11 1 36 53 9 44 25 42 32 39 10 7 22 2 61 49 24 18 40 3 58
