Numero de Vertices: 25
Numero de Arestas: 300
Vertice 0: 23 16 18 12 22 7 5 11 9 6 20 13
Vertice 1: 21 24 20 16 10 5 7 15 11 18 4 9 2 22 17 8 19
Vertice 2: 16 20 17 12 3 15 7 6 19 13
Vertice 3: 7 22 24 8 5 20 14 12 23 21 16 11 1
Vertice 4: 19 14 1 2 0 5 6 10 15 12 9 18
Vertice 5: 22 20 21 2 16 11 19 10 18 6 17 23 12 8 3 4
Vertice 6: 9 13 14 1 3 18 20 24 23
Vertice 7: 5 8 3 11 18 1 9 13
Vertice 8: 0 12 16 18 2 6
Vertice 9: 10 6 15 20 17 13 0 4 1 14 23 12 3 24 16
Vertice 10: 12 13 8 20 22 1 2 18 4 6 16 9
Vertice 11: 23 3 6 9 14 19 8 17 12 18 1 13 4 24
Vertice 12: 15 20 21 11 9 0 4 1 14 6 3 2 10
Vertice 13: 17 22 23 5 6 14 24 9 3 10 1 4
Vertice 14: 16 0 15 19 13 23 17 8 24 18 5 7
Vertice 15: 1 17 11 10 3 13 18 2 9 23 19 22 0 6 8
Vertice 16: 20 6 15 18 24 21 3 0 7 14 19
Vertice 17: 6 14 11 7 24 22 13 4 5 1 9
Vertice 18: 19 21 14 12 3 8 1 20 7 17 11
Vertice 19: 0 5 17 23 16 3 6 13 20 24 10 12 21
Vertice 20: 5 0 10 13 8 15 9 1
Vertice 21: 5 16 10 24 3 6 7 4 22 11 12 19
Vertice 22: 6 20 12 19 17 4 0 24 23 3 8 1
Vertice 23: 8 0 17 12 6 21 10 11 1 9 18
Vertice 24: 15 18 13 20 17 10 14 16 7 23 2 19 9 0 8
