Numero de Vertices: 60
Numero de Arestas: 1770
Vertice 0: 55 59 8 52 9 47 57 46 7 23 3 43 20 2 36 30 25 11 6 13 5 45 42 10 31 22 29 12
Vertice 1: 49 30 26 38 40 32 9 50 43 58 42 4 52 29 24 27 53 25 56 3 57 10 51 35 11 33 55 39 7 54
Vertice 2: 52 50 27 15 31 53 55 49 13 43 33 18 40 35 20 22 36 28 14 44 23 9 56 16 46 0 25 51 59 21
Vertice 3: 1 21 34 47 2 39 10 51 58 38 36 8 25 15 56 54 35 32 7 48 0 4 6 30 11 17 40 5 50 18 49
Vertice 4: 53 29 12 51 8 31 13 57 7 27 35 42 3 38 32 5 14 21 30 23 33 28 22 2 52 47 18 50 25 1
Vertice 5: 57 50 28 13 17 24 54 25 8 45 47 56 44 30 58 0 40 33 49 46 11 26 23 35 9 4 21 2 14
Vertice 6: 25 46 41 54 59 45 1 55 57 35 2 9 33 56 26 42 28 18 51 20 4 24 38 21
Vertice 7: 20 34 8 16 2 31 29 55 22 49 4 26 40 43 17 28 15 6 10 30 12 41 27
Vertice 8: 51 36 20 9 21 22 59 52 46 54 10 47 38 53 15 28 55 45 6 32 17 43 24 58 19 57 50 1 0 12 18 4
Vertice 9: 46 31 34 5 30 50 41 17 23 21 2 29 26 0 32 36 27 28 39 1 33 11 48 3 25 42 24 40 18 57 38 51 10 43 35 8 58 59 13
Vertice 10: 56 41 4 17 1 15 35 53 12 42 39 48 3 9 44 45 52 34 27 16 29 18 14 33 2 22 7 43 47 8 37 49
Vertice 11: 7 17 32 53 47 1 16 57 55 29 48 3 34 2 10 9 49 42 39 24 41 40 6 33 58 14 52 45 5 18 20 59
Vertice 12: 31 1 23 37 3 46 14 15 52 59 48 27 16 6 55 44 7 49 22 34 33 29 45 2 11 39 0 51
Vertice 13: 51 54 18 25 3 17 28 14 24 47 43 27 10 0 57 6 15 20 44 30 53 19 40 16 36 50
Vertice 14: 22 11 4 35 43 58 0 6 27 19 44 25 47 30 55 20 5 17 2 38 36 54 45 49 37 40 1 15 33
Vertice 15: 1 11 29 10 56 42 53 41 5 22 8 48 40 2 47 50 24 59 16 33 18 58 20 23 45 14 55 36 27
Vertice 16: 10 15 52 35 29 22 26 9 41 31 55 27 45 18 5 38 57 51 28 7 44 14 56 42 34 33 19
Vertice 17: 19 55 35 51 13 22 49 40 50 4 15 42 23 36 52 59 0 14 58 20 2 56 38 31 25 34 30 9 53 21
Vertice 18: 19 28 5 10 35 32 41 34 43 11 16 0 50 55 27 31 21 47 7 4 15 17 36 54 42 13 9 49 30 57 51 25
Vertice 19: 12 0 56 5 3 31 41 47 20 58 46 16 55 40 44 30 11 34 51 10 17
Vertice 20: 5 6 26 42 28 57 8 1 49 11 7 34 33 30 37 0 46 19 35 29 56 39 40 32 45 31 51 16 24
Vertice 21: 38 27 48 57 29 6 19 1 49 47 2 45 9 20 15 54 39 22 36 50 51 26 37 56 25 30 17 59
Vertice 22: 0 14 15 31 51 45 57 7 40 56 35 39 43 34 18 11 54 4 1 48 27 2 19 10 44 37 12 30 46 3 13 59 53 24
Vertice 23: 21 19 39 31 22 38 40 10 25 8 48 30 58 9 4 50 47 11 57 26 17 53 35
Vertice 24: 15 23 29 37 57 42 39 40 4 52 21 5 7 26 9 59 32 12 14 1 20 58 56 35 31 45 22 50 27
Vertice 25: 13 48 4 10 38 1 20 11 47 50 27 36 59 42 46 49 23 34 18 32 29 55 6 58 17 31 5
Vertice 26: 16 34 0 11 40 32 14 36 10 42 58 20 44 49 25 17 9 15 19 22 8 24 1 3 31 46 41 4 7 39
Vertice 27: 25 52 3 12 54 0 30 14 19 42 53 34 7 23 59 32 18 15 4 45 29 26 43 47 37 58 1 36 50 5 44 28 22
Vertice 28: 24 11 20 4 2 8 38 33 54 25 50 26 35 57 48 17 55 37 32 12 10 39 3 56 22 43 59 0 49 53 5 42
Vertice 29: 42 19 52 10 32 25 54 50 24 2 4 34 18 30 14 44 17 41 21 47 45 0 36 55 59 27 12 56 8
Vertice 30: 14 52 2 40 4 7 24 42 20 46 18 31 39 11 33 29 8 28 44 35 32 43 23 56 6 41 54 55 34 50 9 59 58 38 25
Vertice 31: 0 34 49 2 12 45 17 28 6 19 44 33 51 50 39 41 54 42 38 55 37 23 7 5 1 8 43 58
Vertice 32: 20 10 24 31 46 36 41 3 48 27 11 2 28 34 49 51 29 5 23 50 0 18 1 7 6 19 42 40 8 21
Vertice 33: 10 11 18 17 9 54 38 37 53 42 2 8 39 57 29 13 45 48 30 23 28 27 49 58
Vertice 34: 53 36 42 51 18 48 4 38 40 46 23 13 22 58 16 0 44 14 39 11 41 28 55 30 1 27 8 29 6 21 59 9
Vertice 35: 29 3 50 55 21 6 1 34 27 36 14 37 5 11 42 31 53 52 38 32 51 28 24 45 44 20 0 10 9 25 57
Vertice 36: 0 46 1 49 15 13 51 24 56 22 20 58 9 29 7 47 37 35 42 39 19 8 34 18 23 3 48 26 28 50 40 16 54 17 11
Vertice 37: 26 41 23 16 17 45 8 15 20 10 54 47 49 5 44 12 57 33 2 27 52 59 6 55 48 56 7
Vertice 38: 33 56 6 12 59 16 37 13 44 17 31 0 34 1 29 10 30 21 46 51 49 14 50 42 11 54 25 52 43 32
Vertice 39: 46 37 52 11 7 57 8 27 23 28 41 20 32 2 47 10 55 40 33 18 21 36 12 5 53 44 17 24 29
Vertice 40: 22 48 36 15 19 56 31 35 9 34 28 47 50 14 43 17 49 25 23 42 37 57 55 54 33 45 52 8 2
Vertice 41: 25 18 17 39 52 57 34 20 51 58 23 29 2 22 11 32 9 43 50 31 46 14 59 30 55 36 15 7 8 35 47
Vertice 42: 28 45 29 19 36 2 15 46 12 25 32 26 18 52 35 47 49 9 8 48 58 0 24 39 30 59
Vertice 43: 41 45 42 15 52 25 26 3 30 21 49 10 33 1 50 54 29 39 16 59 13 27 11 32 4 44 22
Vertice 44: 26 31 33 8 28 41 20 46 5 49 19 27 25 37 56 2 52 36 59 0 48 53 7 51 17 15 21
Vertice 45: 39 21 50 46 7 12 42 19 44 11 35 16 13 31 53 28 15 41 4 58 59 57 1 25 48 29 56 27 36 14 55 26
Vertice 46: 7 22 44 52 20 9 49 35 56 13 23 38 33 14 25 26 55 59 3 15 39 27 19 54 10 31 17 51 2 16 5 12
Vertice 47: 6 40 12 50 2 23 26 30 56 53 21 41 31 17 34 19 59 7 22 4 0 58 43 36 28 25 49 38
Vertice 48: 46 57 8 20 59 43 29 26 47 19 58 30 52 50 13 45 32 5 24 18 0 28 40 12 15
Vertice 49: 28 57 40 6 18 38 10 32 44 59 3 53 21 20 56 54 51 13 26 8 11 16 2 50 45 25 34 46 9
Vertice 50: 26 16 56 49 31 54 38 15 17 24 53 45 57 28 1 32 8 55 2 43 40 11 9 36 29 20 25 46 6 33 47
Vertice 51: 34 54 0 5 37 19 53 31 13 44 46 24 30 27 59 40 57 32 14 28 58 55 18 56 10 3
Vertice 52: 41 36 40 25 9 56 30 45 47 2 55 46 22 35 51 13 37 6 14 32 23 11 39 21 7 49 58 50 24 26 1 10
Vertice 53: 21 16 5 55 0 11 20 17 41 44 7 38 42 19 36 57 54 32 51 47 52 1 49 27 3 43 29 26 46 30 23 48 10 28
Vertice 54: 45 0 1 22 47 41 21 52 43 7 30 35 57 17 40 26 14 51 20 39 25 28 10 11 5 6
Vertice 55: 20 54 59 48 13 19 30 27 43 46 2 45 8 17 31 51 26 10 14 6 53 58 28 16 40 36 23 0 47 21
Vertice 56: 50 47 43 51 27 20 22 29 9 4 23 13 54 0 34 11 49 36 10 6 19 55 46 59 30 31 57 42 16 2 18
Vertice 57: 31 4 37 54 20 33 41 48 49 15 7 34 39 45 40 8 30 14 36 11 22 23 56 12 35 32 19 52 51 1 13 5 43 26 21 46
Vertice 58: 25 45 28 43 30 14 16 33 0 23 56 17 2 52 42 15 41 47 5 27 55 24 40 22 36 57 29 31 46 18
Vertice 59: 4 32 12 53 18 8 49 11 0 7 25 31 24 2 46 35 33 1 28 29 47 19 42 10 21 23 48 14 16 51 55
