Numero de Vertices: 60
Numero de Arestas: 1770
Vertice 0: 6 40 48 14 52 54 33 35 34 2 56 47 28 36 11 32 4 37 42 24 5 10 7 57 31 19 22 30 3 45 21 46 55 8
Vertice 1: 54 11 6 19 30 3 55 31 10 29 34 23 40 57 8 21 45 32 18 47 16 35 46 4 22 56 33 42 53 48
Vertice 2: 36 17 42 43 58 1 30 7 41 56 16 4 22 47 38 23 57 18 53 50 8 34 20 27 6 52 5 40 37 29 48 33 25
Vertice 3: 33 41 24 29 38 36 0 47 8 13 6 10 54 49 22 44 23 21 52 19 39 31 40 30 15 14
Vertice 4: 0 49 53 27 9 45 31 57 30 32 55 29 35 12 38 51 42 47 39
Vertice 5: 47 57 28 7 35 45 16 49 27 1 39 12 53 41 34 4 18 19 9 15
Vertice 6: 57 17 55 23 5 28 47 50 51 45 38 27 32 16 59 58 39 48 34 1 9 40 20 0 56 53 42 4 15 12 25 33 3 41 18
Vertice 7: 57 14 33 10 42 22 26 51 16 13 43 40 0 58 24 52 35 4 25 21 32 28 47 19 55 27 54
Vertice 8: 6 42 35 20 32 38 10 13 33 15 11 16 0 31 2 24 9 55 56 43 19 52 48 37 1 12 27 14
Vertice 9: 22 32 2 14 27 38 49 57 23 0 25 55 30 8 36 28 33 47 7 6 21 10 24
Vertice 10: 51 58 9 53 11 35 34 16 46 15 0 5 1 24 2 32 29 19 7 3 6 57 52 38 37 14 40 17 28 4 49 26 56
Vertice 11: 54 23 8 57 15 24 14 3 37 16 52 30 32 5 55 51 44 50 49 2 36 31 18 27 21 47 4 34
Vertice 12: 36 59 30 43 35 41 21 39 45 7 20 53 58 0 6 24 49 27 13 10 42 31 16 48
Vertice 13: 57 5 33 15 17 49 30 3 19 14 48 24 56 20 2 39 27 45 55 51 35 0 59 16 40 44 29 43 31
Vertice 14: 28 47 30 54 19 26 13 35 51 56 53 41 58 34 38 40 22 10 21 16 45 1 27
Vertice 15: 22 24 26 18 27 46 3 13 19 21 44 33 47 11 51 9 40 55 53 23 52 58 20 37 14 48 42 12 10 0 1 4 59 49
Vertice 16: 18 10 35 27 48 9 34 28 56 23 4 59 44 30 11 32 3 57 19 39 36 55 54 38 58 6 17 41 40 31 25 51 50 21 24 26 0 33
Vertice 17: 50 4 57 32 29 19 36 49 30 41 2 58 20 24 12 23 0 59 26 47 33 48 46 11 18 25 56 28
Vertice 18: 7 58 53 1 46 12 10 43 45 33 19 51 5 59 35 14 56 31 15 55 50 8 23 0 32 21 27 16 57 17 22
Vertice 19: 14 4 49 21 18 46 31 53 30 47 32 43 0 9 56 51 59 29 40 27 33 22 39 20 26 28 38 11 36 8
Vertice 20: 23 17 25 51 54 16 33 29 26 44 48 13 21 12 40 47 4 42 55 36 2 27 14 58 8 57 30 45 34 28 6
Vertice 21: 11 32 9 39 1 35 48 34 45 41 14 20 47 31 38 46 4 24 19 44 22 15 5 56 12 51 30 26 59 2 17 18
Vertice 22: 8 12 9 7 51 29 27 26 31 40 21 5 54 23 57 20 37 1 43 14 16 28 47 45 2 39
Vertice 23: 27 9 17 59 39 50 7 53 29 28 31 51 33 5 46 38 58 13 26 4 48 47 24 25 0 49 42 54 6 44 21 16 11 1 57 36
Vertice 24: 41 3 15 1 8 58 37 36 46 16 51 2 55 53 11 42 12 0 9 39 40 31 27 26 47 38
Vertice 25: 56 7 16 17 48 58 34 31 35 3 45 12 6 36 1 43 0 59 32 30 41 44 33 51 9 24
Vertice 26: 9 37 11 20 38 45 12 27 58 28 57 4 29 36 55 5 44 31 23 24 14 7 2 51 17 52 10 54 13 49 0 19
Vertice 27: 8 57 1 30 22 18 51 9 47 25 24 17 15 40 46 28 0 43 14 4 7 48 16 2 38 19 44 10
Vertice 28: 46 2 10 20 47 38 54 29 3 34 59 19 21 45 12 24 50 23 22 4 35 17 41 26
Vertice 29: 42 45 23 49 6 27 14 0 36 37 50 33 25 5 13 3 24 1 59 8 15 4 35 46 34 55 18 57 43 16 51 9 38
Vertice 30: 2 39 35 26 11 49 55 34 17 16 3 22 9 45 50 38 31 8 52 28 19 59 46 7 1 18 5
Vertice 31: 36 20 40 7 13 25 21 54 32 14 50 58 44 18 43 52 17 38 12 47 56 15 6 59 24 30 26 35 45
Vertice 32: 11 7 23 50 30 10 33 9 22 46 47 12 17 49 45 4 55 54 48 0 20 21 34 27 28 42
Vertice 33: 29 41 9 48 44 30 7 31 47 52 21 40 26 14 16 23 34 15 39 43 6 19 50 10 53 45 28 51 18
Vertice 34: 49 41 17 5 1 31 3 28 59 44 10 29 51 55 37 9 18 21 13 42 48 2 23 25 22 8 38 56 0
Vertice 35: 57 25 22 15 19 49 30 1 56 13 54 53 11 20 59 38 43 37 2 33 29 23 7 28 42 48 0 26 36 14
Vertice 36: 43 52 45 50 16 35 59 57 22 33 7 42 4 19 46 12 24 29 38 49 47 9 28 8 58 2 3 34
Vertice 37: 40 21 30 12 52 42 58 43 32 36 8 33 14 49 28 0 59 44 47 53 57 23 18 22 2 10 3 29 15 11 46 24 9 5 41 27 13
Vertice 38: 17 44 27 41 13 48 26 35 29 39 25 23 52 16 30 3 56 45 37 43 34 58 32 2 46 5 51 18 11
Vertice 39: 15 42 20 17 47 35 51 10 22 25 14 16 55 19 21 3 59 40 31 28 37 41 29 5 0 49 6 32 46 44
Vertice 40: 22 42 37 7 46 58 56 41 52 19 44 24 31 12 32 6 54 59 17 13 23 25 57
Vertice 41: 56 35 2 22 38 6 0 5 20 57 40 11 21 58 46 45 12 59 7 30 8 17 23 31 53 10 28 19 15 54 44 26 1 14
Vertice 42: 28 30 17 52 29 22 3 45 27 26 13 34 41 48 10 53 49 19 35 12 58 14 15 33 1 50 18 21 56 2 11 37
Vertice 43: 18 52 11 42 19 4 13 39 9 56 25 47 32 27 30 34 44 8 59 37 29 12 35 17 26 15 58
Vertice 44: 43 9 38 34 54 36 10 3 33 19 59 29 37 55 16 56 25 41 47 13 32 51 14 24 1 53 5 4 22 26 30 35 49
Vertice 45: 49 35 27 44 25 26 37 31 36 55 4 50 5 42 30 1 43 54 41 33 40 6 29 38 0 51 28 11 21 3 39 52 59 53
Vertice 46: 37 5 20 3 50 53 19 38 9 14 45 54 17 12 43 35 42 44 52 47 23 55 21 34 25 10 8 57 33
Vertice 47: 26 14 41 22 38 50 12 10 3 20 39 34 59 24 28 2 15 13 49 37 52 33 6 11 42
Vertice 48: 33 34 58 16 3 46 0 35 9 23 18 14 55 37 19 54 21 57 25 20 50 36 27 38 22 24 51
Vertice 49: 8 18 5 54 37 6 45 24 35 58 0 36 12 34 16 26 30 3 20 43 23 41 10 57 39 32 33 38 40 15 13 50 19
Vertice 50: 17 35 24 2 34 55 23 7 56 8 49 22 59 41 54 31 58 5 19 21 40 45 13 6 36 29 53 4
Vertice 51: 32 19 22 40 30 10 18 5 52 45 3 36 29 24 34 25 0 57 49 7 54 8 17 6 46 1 31 12 11 9 44 35 47 13 27 39 48
Vertice 52: 28 43 38 48 59 37 31 5 17 35 46 21 3 47 9 49 7 42 20 15 30 26 12 19 8 32 14 44 58 2 24 1 23 41
Vertice 53: 55 49 42 46 5 7 13 40 47 41 28 58 45 35 33 18 27 20 17 2 36 38 24 48 12 0 37 4 31
Vertice 54: 15 30 21 2 44 0 19 49 17 16 29 36 40 4 53 32 59 39 13 48 46 7 31 37 6 11 8 10 57 34
Vertice 55: 15 58 1 27 38 25 39 40 47 13 28 7 31 22 35 36 5 37 44 2 30 41 10 33 42 56 29 8 4 53 26 18 51
Vertice 56: 48 9 32 35 29 38 4 47 53 18 12 31 39 21 20 5 2 51 41 6 26 57 50 3 13 1 17 42 16 37 15
Vertice 57: 20 35 3 21 17 45 25 32 22 15 2 46 16 38 13 36 33 37 14 30 1 28 41 6 19 8 10 27
Vertice 58: 9 49 25 11 29 1 23 8 42 7 37 21 43 48 18 52 5 38 3 27 47 26 57 2 56 44 24 51 55 41
Vertice 59: 52 22 39 7 41 49 1 26 0 11 38 21 48 57 27 55 2 42 23 3 6 20 14 25 31 19 9 10 30 8 35 24
