Numero de Vertices: 60
Numero de Arestas: 1770
Vertice 0: 24 2 57 38 31 45 37 41 10 43 18 6 46 5 1 49 28 19 33 17 40 13 51 20 3 7 4
Vertice 1: 50 3 44 22 46 35 15 24 4 40 21 32 17 30 51 39 11 58 5 38 19 48 57 49 26 8 43 31
Vertice 2: 8 34 14 13 44 0 36 24 30 40 32 37 21 10 11 26 6 7 53 3 56 55 51 41 20 15 27 39 58 43
Vertice 3: 54 2 9 34 17 27 7 55 36 29 0 19 39 38 25 21 56 45 37 15 30 1 47 50 6 44 52 8 14
Vertice 4: 47 19 40 14 17 24 54 25 34 35 33 5 58 23 21 45 42 16 31 20 44 52 29 11 51 37 7 57 1 26 8 43 46
Vertice 5: 22 18 59 7 54 9 12 56 50 30 20 29 48 28 38 41 36 55 15 57 34 14 21 52 58 35 42 26 11 4 43 47 17
Vertice 6: 0 16 9 18 38 10 29 59 14 58 19 37 13 55 52 20 25 54 31 48 56 30 41 32 42
Vertice 7: 42 52 43 57 56 44 18 55 49 34 12 38 35 33 24 0 46 16 17 31 50 27 41 59 3 23 5 13
Vertice 8: 32 13 16 49 24 25 39 52 46 1 54 56 59 5 22 4 58 51 33 44 9 7 37 27 35 38 40 34 36 0
Vertice 9: 25 16 37 42 7 31 19 10 53 23 46 58 43 8 4 5 17 47 15 27 36 21 55 40 12 41 20 13 49 50 51 44 14
Vertice 10: 19 6 27 50 17 53 38 23 12 5 25 33 37 58 56 34 31 43 57 35 20 48 15 18 45 30 16 1
Vertice 11: 10 3 56 17 37 15 6 43 44 38 5 1 8 36 18 54 41 57 4 25 19 53 55 34 47 33 0 39 14 27 59 20 58 35
Vertice 12: 35 21 34 31 2 3 24 30 14 22 50 51 56 39 18 8 32 11 5 26 40 16 33 43 15 19 52 17 20
Vertice 13: 30 26 21 45 36 50 44 58 18 11 40 59 47 39 43 14 57 1 24 6 46 15 42 10 16 20 19 7 23
Vertice 14: 59 47 17 53 45 51 13 24 15 10 0 46 49 43 38 52 48 50 33 20 44 26 25 1
Vertice 15: 5 27 54 45 0 10 57 29 22 49 43 20 33 53 19 17 25 21 28 59 26 32 51 42 4 13 7
Vertice 16: 25 48 45 4 38 58 53 33 3 17 50 7 41 2 46 0 44 31 26 35 5 6 40 18 55 13 57 36 49 14 20
Vertice 17: 34 57 5 16 41 30 12 18 56 47 42 28 23 22 31 40 14 37 2 51 4 49 25 1 44 11 8
Vertice 18: 6 33 13 17 8 40 37 52 48 22 56 51 55 41 36 54 5 28 26 42 11 35 24 10 0 20
Vertice 19: 17 35 23 21 58 0 14 32 52 53 44 31 39 11 24 7 18 26 3 2 9 37 54 15 41 8 45 57 20 42 50
Vertice 20: 51 6 42 27 48 33 2 44 22 7 21 58 54 0 28 38 24 31 39 45 23 26 46 10 14 35 55 52
Vertice 21: 8 17 47 20 26 48 58 23 42 33 39 14 30 57 7 0 5 46 45 52 59 18 49 40 36 55 16 15 37 25 10 51 43 6
Vertice 22: 57 9 34 36 2 29 10 15 50 45 48 55 49 6 7 8 31 44 35 0 32 24 46 18 33 53 19 30 40 27
Vertice 23: 35 45 11 17 40 30 18 58 1 15 0 8 13 42 12 24 31 21 16 52 9 54 20 44 3 32 6 59 51 22
Vertice 24: 38 36 21 32 1 56 22 57 44 5 27 33 35 18 53 30 29 26 15 17 50 55 23 48 8
Vertice 25: 17 14 30 2 3 59 48 23 7 0 12 58 11 37 26 28 57 16 13 54 27 56 9 21 42 22 8 51
Vertice 26: 29 6 20 18 45 34 21 46 10 15 7 31 59 55 37 27 24 17 25 51 43 19 23 52 48 11 14 49
Vertice 27: 54 4 19 5 36 30 28 49 53 1 16 55 10 8 21 38 17 7 43 33 48 41 57 2 9 18 0
Vertice 28: 29 34 12 45 13 36 54 8 27 0 18 39 43 23 57 3 49 51 48 25 21 58 17 9 16 35 40 19 52
Vertice 29: 57 51 34 26 36 19 7 30 44 6 53 20 41 54 42 10 11 33 9 1 2 49 5 46 38 23 45 4 22 40 17 35 3 24 37 43
Vertice 30: 9 3 53 44 12 2 16 39 28 55 48 57 45 27 26 47 6 21 51 7 24 23 33 0 8 19 36
Vertice 31: 17 48 36 11 24 8 34 30 14 16 26 44 56 3 22 23 45 12 4 32 58 35 40 13 47 37 41 51 43 27
Vertice 32: 1 0 57 15 41 30 51 23 26 36 27 18 35 6 8 33 11 59 16 50 40 9 5 37
Vertice 33: 53 37 0 14 59 18 19 28 24 31 13 47 29 3 54 6 42 56 15 51 5 9 12 10 25 16 55 48 17 22 30 50 49
Vertice 34: 38 57 21 24 14 58 25 27 16 43 31 37 33 5 11 18 20 44 46 55 12 23 59 19 2 39
Vertice 35: 23 24 18 16 8 57 37 53 56 28 11 39 30 44 54 29 12 9 22 20 17 15 25 43 2 6 7 3 14 31 45
Vertice 36: 3 28 21 7 35 49 29 56 18 54 33 30 23 40 24 0 48 31 52 26 59 20 15 57 42 12 9 22 1
Vertice 37: 53 49 28 22 44 23 50 43 13 24 42 6 12 11 55 41 1 57 20 34 56 14 7 39 30 48 47 45 15
Vertice 38: 53 42 11 58 5 28 45 7 51 39 52 44 43 20 16 56 1 55 22 17 41 33 24 15 10 30 37 49 23 0 14
Vertice 39: 35 5 49 57 43 52 3 2 53 21 41 32 56 16 11 44 12 13 54 38 59 31 40 18 48 37 10 51 19
Vertice 40: 59 22 58 10 44 1 48 13 19 32 20 39 33 0 6 38 29 46 42 52 36 24 25 31 51 41 50 55 16 8 57 11
Vertice 41: 6 7 56 26 17 47 14 37 16 58 20 53 51 49 10 45 22 21 52 18 0 3 39 59 24 54 8 32
Vertice 42: 7 58 31 55 5 50 21 48 40 12 35 6 39 43 52 46 54 53 19 15 27 17 20 47 16 9 59 37 4
Vertice 43: 50 15 49 1 59 30 19 16 56 11 38 22 24 37 0 12 17 53 32 41 52 10 21 44 8 13 54 6 26 3 33 5 57 7 23
Vertice 44: 6 28 7 33 2 58 14 11 41 22 56 49 25 21 51 37 0 24 42 39 54 35 30 27 50 4 16 20 38 23 32
Vertice 45: 5 15 46 6 11 55 42 19 44 16 31 30 17 39 12 7 2 20 32 1
Vertice 46: 27 44 0 54 7 42 29 50 15 45 59 51 17 49 37 47 35 10 9 52 13 38 31 56 40 30 26 57 16 43 41 19
Vertice 47: 2 14 19 4 22 12 1 39 9 17 31 20 33 13 6 46 10 15 36 49 38 11 37 54 43 5
Vertice 48: 17 36 40 47 12 51 10 56 22 9 38 15 1 59 35 7 39 6 53 49 58 31 28 4 14 44 57
Vertice 49: 7 2 20 33 54 3 58 1 35 37 28 27 17 43 14 4 26 38 30 34 57 0 24 15 18 31 23 48 16 13 40 39 42 56
Vertice 50: 1 35 27 58 43 54 15 16 2 46 41 12 42 14 57 30 9 28 59 34 32 22 47 19 55 36 20 53 39 56 29 17
Vertice 51: 3 21 35 25 50 48 5 36 6 9 40 45 24 13 33 31 29 49 32 18 53 43 1 20 56 55 2
Vertice 52: 50 25 41 57 56 23 16 11 7 19 48 30 3 12 59 22 49 35 38 55 8 54 33 46 18 51 5 27 15 29 28
Vertice 53: 18 9 10 29 3 16 46 49 55 34 13 15 21 20 36 37 38 14 42 48 39 12 11 5 45 26 8 58 30 43 17
Vertice 54: 26 4 20 12 31 37 32 42 55 16 48 18 30 1 45 59 6 27 33 13 35 43 58 10 14 17 56 49 57 39
Vertice 55: 2 29 38 36 7 14 41 42 50 54 51 8 4 56 17 25 59 57 9 31 49 30 52 5 12 28 1 20 15 46 34 47 26
Vertice 56: 37 18 26 28 25 38 20 0 19 36 5 3 15 13 53 43 21 42 1 51 9 46 52 24 30 59 58 22 50 2 45 48 11
Vertice 57: 52 38 1 42 36 8 11 50 41 55 24 40 0 2 15 59 56 34 23 43 47 44 26 5 39 7 3 31 35 4 28 45 49 9
Vertice 58: 57 14 54 44 37 8 42 12 24 56 6 59 13 4 11 46 47 38 28 34 18 33 15 16 45 51 41 21 49 48
Vertice 59: 18 54 13 51 19 42 6 23 32 30 36 58 12 31 33 44 37 0 10 49 38 35 26 40 17 21 34 46 28
