Numero de Vertices: 60
Numero de Arestas: 1770
Vertice 0: 6 19 52 30 33 49 45 42 55 53 37 25 48 44 27 1 34 24 43 26 56 10 21 9 16 28 3 38 18 41 40 13 5 29 14 20 51 50
Vertice 1: 20 46 55 48 5 44 29 3 28 52 35 53 7 59 36 43 49 24 27 10 56 4 8 37 26 51
Vertice 2: 11 44 37 24 58 59 30 46 17 22 34 23 33 14 6 57 54 16 18 9 53 4 35 45 55 48 21 49 13 10 51 5 7 19 3
Vertice 3: 19 48 5 56 35 22 8 28 14 51 13 45 36 20 26 43 1 30 54 34 49 27 58 42 15 18 31 38 6 52 25 53 55
Vertice 4: 32 6 3 53 5 21 15 10 11 16 56 46 38 47 31 54 26 30 43 0 58 41 40 19 17 22 14 34
Vertice 5: 11 7 46 31 8 34 40 10 19 48 23 25 21 28 0 26 17 9 36 6 41 20 54 42 47 52 29 50 3 45
Vertice 6: 1 37 20 41 3 28 55 19 35 21 58 4 34 18 11 2 15 49 39 27 47 8 46 45 32 10 22 53 54
Vertice 7: 17 41 20 6 32 48 4 35 57 49 44 58 38 12 34 37 23 31 40 47 54 50 19 18
Vertice 8: 39 12 43 20 26 18 1 24 48 56 17 57 59 55 45 51 4 11 44 16 21 27 49 3 32 2 23
Vertice 9: 51 54 34 18 36 46 39 10 23 43 11 7 41 19 58 28 29 44 24 3 38 30 31 49 15 27
Vertice 10: 15 6 55 21 32 3 18 27 0 22 53 5 57 28 36 43 45 58 31 38 14 56 26 4 46 19
Vertice 11: 0 48 9 49 53 3 2 50 35 32 51 24 45 33 58 31 26 46 55 40 34 38 47 29 39 6 52
Vertice 12: 30 33 9 49 29 2 55 18 52 34 47 46 57 0 51 11 15 45 37 10 1 40 3
Vertice 13: 0 3 36 47 38 26 54 37 25 1 34 32 40 15 21 5 18 50 17 49 8 52 55 19 27
Vertice 14: 6 8 59 28 58 45 2 50 21 54 17 33 20 10 42 3 16 35 29 41 13 0 34 51 9 52 4
Vertice 15: 16 23 42 4 51 44 57 32 22 8 3 30 53 55 58 36 24 39 59 37 34 6 13 10 35
Vertice 16: 43 13 22 6 41 3 38 15 36 37 59 1 4 47 7 31 29 8 39 32 26 55 40 2 46 10 0 45
Vertice 17: 9 16 6 8 34 27 41 50 14 44 43 7 2 11 38 13 51 53 5 19 55 20 58 29 36 39 45 3 56 30
Vertice 18: 57 52 40 29 28 59 50 31 43 15 34 17 14 36 3 55 6 47 35 42 45 41 38 11 25 32 12 39
Vertice 19: 31 33 49 45 44 52 46 9 16 5 0 2 34 53 21 3 22 8 23 27 1 51 39 57 28 38
Vertice 20: 29 3 41 11 10 54 43 45 24 59 47 13 38 33 2 23 39 25 56 8 37 19 27 30 55 21 6 46 12 58
Vertice 21: 38 46 50 18 3 44 24 16 58 25 59 13 47 39 40 1 12 51 34 36 7 20 31 6 55 26
Vertice 22: 32 9 12 14 10 7 19 11 25 21 27 58 49 38 50 5 45 35 46 29 57 8 31 54 43 51 4
Vertice 23: 30 10 49 22 59 29 5 40 27 9 31 26 2 21 39 57 51 54 35 34 3 50 45 15 36 11 44 12 37 46 55 24
Vertice 24: 20 21 12 44 55 57 34 52 58 8 27 45 17 28 7 9 59 25 41 50 10 37 23 43 30 40 29 4 36 14 3
Vertice 25: 1 45 4 44 47 41 38 30 40 0 31 43 9 57 19 37 32 22 16 39 49 14 5 6 46 12 13 58 17 52 36
Vertice 26: 47 21 9 51 36 8 14 33 17 6 13 37 48 20 10 42 32 52 55 57 4 56 11 15 3 53 24 30 16
Vertice 27: 6 32 10 37 12 52 55 57 18 50 58 54 9 51 14 17 45 2 22 35 13 8 36 28 48 24 4 53 47 23 38 16 29 25
Vertice 28: 34 19 52 37 32 58 38 39 22 15 27 30 24 9 25 10 44 11 7 35 49 0 12 56 51 41 8 31 46 53 42
Vertice 29: 34 17 40 35 1 20 24 51 2 21 31 48 9 33 14 38 5 37 4 0 27 6 30 8 58 7 13
Vertice 30: 27 20 40 12 36 31 21 45 46 23 28 19 48 52 56 4 42 41 22 59 1 24 15 50 54 57 16 39 26 17 49 10 44 53 3 35 2 37
Vertice 31: 44 28 16 32 24 10 58 23 5 41 14 0 6 18 33 30 29 19 56 46 52 59
Vertice 32: 12 35 4 54 36 18 56 38 48 24 47 26 50 14 15 22 34 10 0 33 1 57 51 55 28 42 43
Vertice 33: 19 22 9 4 13 5 29 47 45 1 32 50 16 14 44 48 59 0 20 54 37 15 31 35 39 55 21 26 25 11 27 12 3 18
Vertice 34: 9 0 43 48 27 17 20 37 18 21 10 11 36 3 41 6 1 23 33 42 53 35 28 25 51 5 31 45 58 44 22 8 39
Vertice 35: 8 5 50 15 34 38 0 21 11 43 12 18 17 39 24 53 52 45 40 27 22 23 4 16 2 28 29 46 49
Vertice 36: 41 32 43 4 12 9 6 31 15 17 57 42 58 50 5 2 52 47 45 30 55 18 21 46 22 35 56 27 24 0 59 13 38
Vertice 37: 46 23 22 49 52 2 57 16 58 39 32 3 21 53 55 43 14 41 44 1 15 31 25 8
Vertice 38: 30 31 29 58 13 45 33 40 7 22 6 9 36 44 59 16 56 24 14 53 57 19 11 4 39 51 23 20 48 49 10
Vertice 39: 7 30 21 5 37 18 50 26 13 9 6 11 14 56 19 27 47 34 20 2 54 24 52 42 17 16 43 33 25 59
Vertice 40: 21 52 15 12 33 1 58 20 29 26 25 18 38 55 5 14 16 36 49 54 6 3 10 57
Vertice 41: 34 52 22 55 3 54 43 56 39 23 0 57 47 6 16 32 11 42 45 26 40 13 7 28 33 36 30 9 46
Vertice 42: 8 45 14 36 24 25 53 29 13 5 3 47 43 55 51 44 54 15 18 33 46 1 35 50 11 28 49 58 23 30 26 52 48 38 41 21 17 12
Vertice 43: 40 51 22 41 17 31 36 20 27 11 46 55 35 24 14 42 57 7 32 50 59 0 33 10 44 6
Vertice 44: 49 40 5 17 15 31 48 35 56 51 26 37 16 0 25 33 59 19 29 53 3 13 4 50 46 58 21 10 57 43 22 14 7 47
Vertice 45: 57 46 26 14 58 0 55 50 39 13 4 49 40 18 21 56 51 23 43 28 32 36 6 31 12 48 53
Vertice 46: 11 34 14 57 23 10 49 37 2 6 18 27 36 48 38 8 54 33 59 1 25 43 45 30 58 20 50 15 42 4 53 39 26 52 17
Vertice 47: 41 56 3 48 35 21 57 49 34 23 36 12 4 14 0 25 9 19 17 16 40 55 59 20 1 53 28 29
Vertice 48: 13 31 16 19 43 40 37 56 32 59 49 27 7 3 14 54 21 52 8 39 5 9 15 47 30 4 28 2 17 53
Vertice 49: 22 45 36 28 50 39 38 56 46 18 34 3 25 30 2 31 57 33 1 12 53 44 10 48 51 9
Vertice 50: 20 35 33 18 51 13 15 43 41 27 37 0 52 54 53 19 40 21 3 11 14 1 6 10 2 48 23 42 24 49 57 16 36 47
Vertice 51: 27 21 31 9 35 53 7 45 14 8 30 38 48 23 43 49 59 25 1 24 34 5 29 11 6 58 3
Vertice 52: 2 42 40 49 24 48 8 31 1 56 29 17 51 58 25 35 11 39 43 50 3 28 13 21 55 12 57 18 14 47 7
Vertice 53: 22 36 51 5 47 19 43 16 45 38 29 59 40 2 56 52 20 1 3 14 32 21 7 55 58 30 13 35 57 49 25 24 26
Vertice 54: 56 21 50 10 52 2 3 8 44 47 4 28 49 31 30 16 26 58 48 12 38 23 15 53 34 25 45 57 6 20 18 1 59 17 33
Vertice 55: 22 36 44 23 54 41 58 15 19 20 59 18 10 13 16 12 7 24 8 49 32 1 2 40 56 21 3 6 9 43 50 27 35 31 17 46 26
Vertice 56: 26 27 45 18 48 59 12 57 37 22 36 40 14 2 58 4 16 10 32 31 28 3 5 25 0 33 42 46
Vertice 57: 6 41 51 36 42 18 30 46 4 2 15 37 39 19 49 5 14 58 33 50 24 0 52 26 40 1 8 25 31 22 44 48
Vertice 58: 12 11 39 35 32 34 37 55 0 47 48 31 17 16 18 3 56 44 13 2 26 27 29 30 20 51 46 42 1
Vertice 59: 19 13 3 43 37 25 28 56 15 41 0 22 5 38 49 21 14 53 34 18 42 44 51 20 54 4 48
