Numero de Vertices: 67
Numero de Arestas: 2211
Vertice 0: 66 52 7 2 11 20 37 65 63 14 28 26 59 57 5 51 1 29 35 43 32 60 30 3 21 41 55
Vertice 1: 33 60 32 14 23 10 53 5 24 0 40 3 64 13 28 42 63 51 50 31 17 29 4 12 36 15 16 6 44 46 39 11
Vertice 2: 15 0 45 4 22 9 25 7 12 36 43 32 33 35 34 58 31 37 53 55 8 20 1 14 46 63 30 48 49 18 65 11 64 17 60 66 16 13 57 26
Vertice 3: 54 6 57 36 45 26 39 25 4 29 55 17 18 33 42 37 63 59 30 10 64 13 43 24 47 65 66 51 34 14 48 28 35 9 38
Vertice 4: 29 20 62 46 3 58 13 2 63 27 18 45 10 47 12 42 43 36 17 65 50 48 9 38 37 55 31 44 15 53 1
Vertice 5: 15 29 48 25 45 50 56 3 63 42 46 32 13 40 10 18 11 33 66 39 4 64 36 58 65 31 30 24 12 19 37 60 2 9 35
Vertice 6: 17 51 21 45 26 7 38 54 63 44 12 66 14 48 11 15 1 47 18 4 5 55 37 35 10 56 2 33 36 42 43 30
Vertice 7: 43 22 13 47 17 20 54 2 55 44 61 57 59 35 3 21 9 15 33 53 0 41 46 30 48 66 29 36 10 4 49
Vertice 8: 15 44 2 16 50 28 29 26 17 18 58 47 0 33 64 52 25 21 34 51 10 7 59 1 22 11
Vertice 9: 65 10 20 35 28 12 66 32 14 56 48 42 5 31 19 47 51 57 60 37 36 34 6 58 29 41 50 4 3 44 27
Vertice 10: 61 9 57 43 38 3 4 11 51 60 29 49 54 50 39 37 40 47 12 58 35 34 18 20 46 6 21 22 63 19 65 25 45 41 48 33 31 52 30
Vertice 11: 43 30 26 55 16 23 5 34 42 24 40 29 59 49 9 2 52 54 4 39 50 36 48 25 38 6 60 37 21 56 57 0
Vertice 12: 17 56 44 1 3 11 10 66 61 46 40 43 0 41 34 7 60 54 58 26 42 30 49 47 27 36 2 39 6 25 59 57 48 19 20 55
Vertice 13: 21 54 11 63 59 3 29 19 37 5 41 61 45 57 35 16 44 8 65 50 58 56 52 38 28 31 55 34 17 64 1 20
Vertice 14: 7 22 40 11 23 13 15 26 52 33 42 46 41 0 48 49 54 51 59 1 61 31 6 43 53 58 28 25 50 44 5 36 62 24
Vertice 15: 3 14 31 46 58 7 33 26 20 30 59 61 9 8 10 41 49 32 12 16 18 65 17 47 44 0 54 56 50 52 63
Vertice 16: 11 17 52 46 24 32 35 56 3 5 18 0 50 48 43 37 12 53 47 13 10 61 45 4 19 65 23 2 14 57 26 29 63 58 51 22
Vertice 17: 5 31 15 19 47 10 21 1 40 30 3 56 28 33 41 34 35 60 0 27 6 22 54 48 29 63 45 4 66 65 53 59
Vertice 18: 56 13 31 44 33 5 24 20 48 2 36 64 22 38 41 35 0 51 11 17 14 60 62 54 57 29 16 47 25 9 34 19 59 65 4 23 43
Vertice 19: 14 45 65 16 51 59 10 38 27 54 26 5 8 47 39 56 53 17 46 50 21 31 29 62 1 64 23 6
Vertice 20: 35 21 28 46 17 26 15 45 12 14 2 33 60 48 30 50 32 59 6 25 18 8 1 11 7 16 65 22 43 23 62 34 29
Vertice 21: 36 42 2 50 24 8 64 63 56 33 43 25 7 48 62 38 26 11 44 31 29 47 22 51 45 0 52 53 9 4 37 27
Vertice 22: 16 35 56 54 14 7 26 49 20 34 61 43 42 1 13 15 11 31 52 40 29 46 25 65 33 3 17 58
Vertice 23: 4 13 55 28 66 21 51 24 65 54 53 5 7 35 38 8 43 39 47 40 41 22 0 62 17 34 57 16 56 25 64 1 3 2
Vertice 24: 38 63 45 64 48 30 40 20 36 5 42 16 28 51 32 11 37 52 6 9 18 33 60 43 8 41 29 53 47 12
Vertice 25: 30 17 33 24 32 45 58 26 5 10 60 47 2 9 38 65 43 12 39 59 62 61 64 46 36 50 21 28 63 3 57 56 22 37 11 4 15 1 0
Vertice 26: 0 65 42 16 4 63 64 36 62 21 3 34 53 5 22 19 56 43 24 1 61 20 41 39 10 57 6 58 50
Vertice 27: 25 2 53 1 61 44 19 41 9 4 11 63 35 48 43 36 17 12 39 66 40 64 10 62 45 34 32 50 6 42 49 59 14
Vertice 28: 14 2 56 24 12 38 7 36 58 22 23 61 63 45 11 26 9 34 1 46 60 13 65 4 53 19 59 44 10 39
Vertice 29: 34 39 6 54 65 27 2 14 57 13 43 38 50 17 30 51 63 21 46 52 33 10 22 64 31 25 55 18 11
Vertice 30: 45 12 14 39 13 37 22 26 56 50 65 40 16 47 48 21 59 32 5 18 9 0 15 33 44 8 17 43 64 24 6 61 2
Vertice 31: 20 0 43 33 61 37 49 36 16 51 18 9 8 60 39 34 62 55 2 52 47 1 64 5 11 59 53 56 40
Vertice 32: 53 17 22 33 48 55 29 19 61 35 60 42 14 66 37 39 46 43 6 25 52 64 7 50 10 47 45 20 51 58
Vertice 33: 30 4 49 66 45 6 2 29 21 20 8 37 58 56 64 57 34 38 47 40 25 15 61 18 12 51 23 41 60 62 48 22 3 32 39
Vertice 34: 38 20 5 46 66 65 12 24 6 23 42 9 15 28 4 56 41 14 33 54 13 32 62 19 47 21 7 63 40 37 52 0 25 51
Vertice 35: 3 61 63 29 41 5 51 33 42 43 45 62 16 20 28 18 44 12 56 9 10 21 36 0 49 25 1 54 4 30 22 14 15 27 13
Vertice 36: 55 34 32 53 64 14 27 59 57 44 39 11 66 10 15 51 0 3 63 48 62 54 19 13 31 26 37 41 29 40 24 35 17 38 12 20
Vertice 37: 43 11 41 44 18 58 59 52 40 66 1 39 36 46 2 7 27 9 26 51 48 10 17 55 28 12 13 62 23 19 38 60 22 33 3
Vertice 38: 11 63 45 15 29 7 25 31 21 51 8 6 66 54 47 2 1 18 53 43 39 49 41 61 30 36 40
Vertice 39: 15 17 64 52 50 0 23 61 49 47 35 36 9 14 63 31 44 66 62 37 53 54 56 1 11 27 55 16 2 26 13
Vertice 40: 6 13 43 56 29 17 2 53 1 22 35 36 0 8 12 28 37 3 62 21 25 57 32 23 45 5 54 33 49 30 52 60 63 47
Vertice 41: 4 58 15 24 5 53 25 13 27 11 3 16 23 2 65 54 9 14 50 26 37 22 31 59 21 36 63 32 44 7 66 33 47 39
Vertice 42: 61 66 10 39 44 47 29 35 32 9 4 49 13 64 38 12 53 27 2 24 41 26 40 21 28 51 36 60 0 25
Vertice 43: 0 15 6 52 12 4 54 17 57 45 53 39 63 33 28 31 60 41 3 8 44 56 24 36 55 21 22 46 47 51
Vertice 44: 36 11 53 51 41 33 6 22 0 48 25 60 40 16 62 10 30 54 61 35 15 47 64 18 26 39 5 20 59 23 14 27 7 58 31 24 38 3
Vertice 45: 63 25 19 18 17 8 7 28 31 12 42 43 1 30 9 60 13 20 21 58 53 26 14 48 62 51 59 56 11 27 46 35 4 66 36 52 39
Vertice 46: 48 34 3 20 50 54 56 8 7 65 19 58 60 51 41 37 49 0 39 53 57 45 59 61 66 1 52 55 6 24 38 32 9
Vertice 47: 4 38 35 54 33 17 6 7 28 19 36 63 26 66 13 0 57 52 29 1 48 46 10 44 51 5 3 34 56 2 22 59
Vertice 48: 30 36 7 15 18 22 27 6 17 24 20 33 31 1 19 66 14 39 29 62 45 11 26 47 16 44 59 60 25 64 2 10 21 65 32
Vertice 49: 27 50 8 24 5 10 20 17 43 12 32 46 22 45 54 52 44 28 21 41 65 2 38 61 3 64 19 29 35 23 11 31 13 37 34 14
Vertice 50: 41 44 27 7 30 33 24 14 49 18 23 57 39 32 31 21 22 36 34 38 8 59 56 0 15
Vertice 51: 62 54 7 24 32 9 15 40 0 33 47 11 27 56 66 28 12 42 4 59 49 18 53 58 1 8 2 50 65 38 6
Vertice 52: 59 50 56 46 37 24 14 7 0 63 58 19 39 53 11 28 60 18 15 30 62 20 49 17 35 54 33 55 25 2 47 66
Vertice 53: 15 5 39 63 41 10 7 33 49 14 61 40 57 46 64 52 51 13 8 60 20 54 66 31 38 37 11 28 29 16 27 43 62 26 12 1 32 4 6 30 58
Vertice 54: 59 48 65 47 6 0 28 49 63 3 19 5 58 25 1 9 17 38 2 52 36 41 62 4 22 11 21 42 64 23 37
Vertice 55: 50 58 32 65 13 11 46 20 59 28 42 54 7 8 19 49 5 47 62 27 24 3 31 53 1 21
Vertice 56: 61 63 6 20 12 0 60 65 42 50 30 8 31 46 37 10 34 22 64 18 66 7 49 51 54 4 43 23 35 58 40 39 21
Vertice 57: 53 32 9 51 49 13 22 1 12 40 10 50 5 39 18 23 15 11 41 6 44 36 4 45 20 14 66 58 56 43 59 55 2
Vertice 58: 61 19 49 59 65 6 30 7 33 10 8 53 23 28 25 9 0 55 5 34 17 12 18 41 63 37 4 11 54 45 51 24 62 32 2 13 26 52 1 15 40
Vertice 59: 34 49 65 8 16 21 37 32 38 43 18 50 13 48 39 22 31 5 7 35 56 2 60 36 64 46 28 19
Vertice 60: 42 16 8 65 52 9 34 44 12 4 54 5 23 51 21 13 31 27 14 45 3 53 49 26 1 61 32 22 55 59 50 18 20 46 43
Vertice 61: 55 5 44 47 8 42 50 13 16 43 33 49 0 18 10 15 32 34 57 11 19 29 20 17 7 21 46 4 66 2 14 52 39 51 62 65 53 26 60 40
Vertice 62: 17 63 39 65 59 24 55 25 6 12 22 64 47 38 40 23 14 56 1 29 66 13 42 52 35 37 43 51 27
Vertice 63: 60 16 44 13 21 35 34 47 40 27 2 33 0 19 39 1 58 62 55 46 17 25 9 10 5 26 43 65 59 45 30 24 50 37 56 66 12 29 64 20 52 57
Vertice 64: 53 34 43 44 19 39 41 62 60 31 2 56 50 5 13 42 47 58 27 3 46 63 24 45 36 7 20 57 37 33 11 26 23 8 66 28 16
Vertice 65: 7 49 34 19 66 28 35 12 38 55 14 2 30 3 61 50 63 25 29 9 22 36 48 27 45 32 47 37 15 5 51 62 43
Vertice 66: 22 65 40 1 55 28 53 18 5 52 61 10 12 50 60 9 46 35 34 43 3 54 62 13 29 32 37 58 0 21 51 20 16 2 6 31
