Numero de Vertices: 25
Numero de Arestas: 300
Vertice 0: 9 13 18 6 16 15 11 12
Vertice 1: 17 20 9 13 3 6 23 24 0 15 5 8 11
Vertice 2: 8 1 4 13 22 24 19 20 17 12 5 0 3 16 6 21
Vertice 3: 2 17 5 8 12 7 18 16 22
Vertice 4: 5 23 9 17 20 11 12 0 18 22 24 2
Vertice 5: 23 9 4 22 12 17 8 24 0 3 6 19 20 11
Vertice 6: 15 12 1 17 13 4 19 2 14 0 18
Vertice 7: 6 10 3 4 14 15 20 21 1
Vertice 8: 4 15 20 0 5 21 16 12 1 10 24 19
Vertice 9: 20 14 11 6 24 15 10 5 12
Vertice 10: 6 0 13 18 3 1 22 20
Vertice 11: 3 4 14 20 6 13 0 24 12 8 17 15 19 22 18 1 23 16
Vertice 12: 10 20 17 5 0 19 22 24 15 1 8 6
Vertice 13: 22 23 11 19 10 6 12 18 15 4
Vertice 14: 24 9 7 17 1 23 10 21 22 5 6 0 3 2 16
Vertice 15: 4 10 14 13 20 11 17 12 6 7 2 24 0 5 19 16 22 21
Vertice 16: 2 13 18 10 6 7 19 24 20 21
Vertice 17: 6 7 14 12 23 13 20 18 22 24 21
Vertice 18: 12 6 16 1 21 7 15 8 20 22 3
Vertice 19: 22 17 9 1 3 23 10 13 0 21 11 12 16 7
Vertice 20: 10 11 19 5 2 8 1 15 12
Vertice 21: 23 9 14 16 2 13 17 7 6 24 1 10
Vertice 22: 16 1 4 14 18 6 11 12 3 7
Vertice 23: 20 21 12 9 19 10 4 22 1 15 18 24 0 2
Vertice 24: 3 14 16 5 6 23 10 17 4 18 19 2 21 7 22
